,oid,expid,hjd,mjd,mag,magerr,catflags,filtercode,ra,dec,chi,sharp,filefracday,field,ccdid,qid,limitmag,magzp,magzprms,clrcoeff,clrcounc,exptime,airmass,programid
0,718108400000362,44830872,2458202.8129097256,58202.3087269,18.4709244,0.0391100086,0,zg,206.025511,39.471557,1.19799995,0.0719999969,20180325308727,718,0x8,0x4,20.9300003,26.2370319,0.036373686,-0.0421523899,4.03651429e-05,30,1.12100005,2
1,718108400000362,44831505,2458202.819240738,58202.3150579,18.5132389,0.0402555391,0,zg,206.0254794,39.4715876,1.11899996,0.111000001,20180325315012,718,0x8,0x4,21.1000004,26.2378502,0.0324066207,-0.0282782074,3.12577613e-05,30,1.10399997,2
2,718108400000362,44835174,2458202.85593061,58202.3517477,18.4310017,0.0380679145,0,zg,206.0254476,39.4715881,0.748000026,0.0480000004,20180325351713,718,0x8,0x4,20.9400005,26.2432289,0.0356546976,-0.0205486156,3.77522847e-05,30,1.03699994,2
3,718108400000362,44835843,2458202.8626204226,58202.3584375,18.4391117,0.0382766128,0,zg,206.0254748,39.4715688,1.25899994,0.0500000007,20180325358403,718,0x8,0x4,21.1000004,26.2465324,0.0340244323,-0.0155120874,3.31403789e-05,30,1.02900004,2
4,718108400000362,44838344,2458202.887632063,58202.3834491,18.4647179,0.0389455482,0,zg,206.025457,39.4715946,0.926999986,0.0939999968,20180325383438,718,0x8,0x4,21.3299999,26.2543964,0.0335447937,-0.0213003643,3.20257059e-05,30,1.01100004,1
5,718108400000362,44934539,2458203.8495773794,58203.3453935,18.4042931,0.0373911411,0,zg,206.0254819,39.4715718,1.11199999,0.0729999989,20180326345370,718,0x8,0x4,20.9899998,26.2645683,0.0331966579,-0.0579385944,3.28669812e-05,30,1.04200006,2
6,718108400000362,44936002,2458203.864206988,58203.3600231,18.4068356,0.037454877,0,zg,206.0254858,39.4715738,0.82099998,0.0670000017,20180326360000,718,0x8,0x4,21.0799999,26.2340393,0.0326777995,-0.0464403257,3.08353083e-05,30,1.02499998,2
7,718108400000362,44938650,2458203.8906884985,58203.3865046,18.5348454,0.0408571437,0,zg,206.0254628,39.4715996,0.944000006,0.0430000015,20180326386505,718,0x8,0x4,20.6700001,26.2329617,0.0388809144,-0.0162998196,5.06813376e-05,30,1.00899994,2
8,718108400000362,44940937,2458203.913558904,58203.409375,18.5073395,0.0400932468,0,zg,206.0254812,39.4715923,0.675999999,-0.00899999961,20180326409363,718,0x8,0x4,20.8500004,26.2621956,0.0363038816,-0.0215419251,4.11949986e-05,30,1.00999999,2
9,718108400000362,45030215,2458204.806336489,58204.3021528,18.4870567,0.0395416692,0,zg,206.0254444,39.4715341,0.748000026,0.023,20180327301875,718,0x8,0x4,20.5,26.2597008,0.0380220003,-0.0591652766,5.07476252e-05,30,1.12399995,2
10,718108400000362,45032716,2458204.83134808,58204.3271644,18.4932404,0.0397088006,0,zg,206.0254467,39.4715354,0.555999994,0.0130000003,20180327327164,718,0x8,0x4,20.7700005,26.2698994,0.0388189927,-0.0619163066,4.82128344e-05,30,1.06599998,2
11,718108400000362,45033945,2458204.8436396746,58204.339456,18.3875866,0.0369759761,0,zg,206.025436,39.4715382,0.744000018,-0.00200000009,20180327339433,718,0x8,0x4,20.2399998,26.2794952,0.0423987433,-0.0600789413,7.86410528e-05,30,1.046,2
12,718108400000362,45036184,2458204.866023958,58204.3618403,18.4359074,0.0381939709,0,zg,206.025475,39.4715672,0.894999981,0.0170000009,20180327361829,718,0x8,0x4,20.7099991,26.2602539,0.0361841433,-0.046732612,4.17290503e-05,30,1.02100003,2
13,718108400000362,45039215,2458204.896336436,58204.3921528,18.4121971,0.0375897624,0,zg,206.0254999,39.4715234,0.750999987,0.00899999961,20180327392153,718,0x8,0x4,20.6200008,26.2586117,0.0382238105,-0.0427379236,5.04492891e-05,30,1.00800002,2
14,718108400000362,45039707,2458204.901255432,58204.3970718,18.4406528,0.038316451,0,zg,206.0254565,39.4715377,0.569999993,0.0309999995,20180327397060,718,0x8,0x4,20.6000004,26.2631512,0.041533526,-0.0584412739,6.01530555e-05,30,1.00800002,2
15,718108400000362,45129923,2458205.80341844,58205.2992361,18.4155464,0.037674319,0,zg,206.0254957,39.4715779,0.762000024,-0.00499999989,20180328299039,718,0x8,0x4,20.6800003,26.2597122,0.0367908888,-0.0512894057,4.62772878e-05,30,1.12399995,2
16,718108400000362,45130215,2458205.8063351368,58205.3021528,18.4476452,0.0384978727,0,zg,206.0254651,39.4715639,0.458000004,-0.00600000005,20180328302130,718,0x8,0x4,20.5499992,26.258049,0.0360526815,-0.0535552874,4.74537374e-05,30,1.11600006,1
17,718108400000362,45132196,2458205.826149904,58205.3219676,18.5252762,0.0405892842,0,zg,206.0254894,39.4715978,0.703999996,0.0799999982,20180328321944,718,0x8,0x4,20.3700008,26.2624149,0.0439987294,-0.0363215022,7.15685383e-05,30,1.07099998,2
18,718108400000362,45133984,2458205.8440317754,58205.3398495,18.3504105,0.0360741019,0,zg,206.0254941,39.4715698,0.583999991,0.0199999996,20180328339838,718,0x8,0x4,20.2199993,26.1103668,0.0374804437,-0.0330642611,6.0859009e-05,30,1.04200006,1
19,718108400000362,45134763,2458205.8518211623,58205.3476389,18.4808865,0.0393758267,0,zg,206.0254896,39.4715669,1.06400001,0.0920000002,20180328347616,718,0x8,0x4,19.7399998,25.9478607,0.0457709692,-0.033168301,0.000126484272,30,1.03199995,2
20,718108400000362,45136260,2458205.8667864297,58205.3626042,18.5116711,0.0402122959,0,zg,206.0254832,39.4716425,0.783999979,-0.00400000019,20180328362604,718,0x8,0x4,19.9099998,26.0207653,0.0382711217,-0.0158560313,7.03810219e-05,30,1.01800001,2
21,718108400000362,45137829,2458205.8824808057,58205.3782986,18.3912773,0.0370671637,0,zg,206.0254246,39.4715613,0.621999979,0.0140000004,20180328378299,718,0x8,0x4,20.0699997,26.1486378,0.0393790193,-0.0401492417,6.86280982e-05,30,1.00999999,2
22,718108400000362,45139909,2458205.903279364,58205.3990972,18.3879166,0.0369841158,32768,zg,206.0254035,39.4715437,1.33299994,0.0219999999,20180328399097,718,0x8,0x4,19.7999992,26.076292,0.0449455753,-0.00224568625,0.000107968219,30,1.00800002,2
23,718108400000362,45229692,2458206.8011011146,58206.2969213,18.5450897,0.0411464311,0,zg,206.0254401,39.4715537,0.938000023,0.140000001,20180329296898,718,0x8,0x4,20.6700001,26.2638474,0.0455241203,-0.0383492559,7.18425217e-05,30,1.12300003,2
24,718108400000362,45231756,2458206.8217491573,58206.3175694,18.484726,0.0394789241,0,zg,206.0254812,39.4715588,0.400000006,0.0,20180329317535,718,0x8,0x4,20.6900005,26.2672062,0.0366729349,-0.0341429748,4.57138922e-05,30,1.074,2
25,718108400000362,45233993,2458206.8441102947,58206.3399306,18.4833736,0.0394425914,0,zg,206.0254631,39.4715538,0.587000012,-0.0240000002,20180329339907,718,0x8,0x4,20.6800003,26.2689323,0.038794186,-0.0324114449,5.15703323e-05,30,1.03799999,2
26,718108400000362,45236274,2458206.866922725,58206.3627431,18.5039616,0.0400006846,0,zg,206.0254729,39.4715549,1.53100002,0.263000011,20180329362732,718,0x8,0x4,20.8299999,26.2617512,0.0452091768,-0.0469262041,6.82817699e-05,30,1.01600003,2
27,718108400000362,45239511,2458206.899295221,58206.3951157,18.4685497,0.0390469879,0,zg,206.0254467,39.4715539,0.483999997,0.0710000023,20180329395104,718,0x8,0x4,20.6200008,26.2571812,0.0378413014,-0.0352714509,4.89074773e-05,30,1.00800002,2
28,718108400000362,45239697,2458206.901158715,58206.3969792,18.440012,0.0382998697,0,zg,206.0254174,39.4715684,1.25600004,0.119999997,20180329396713,718,0x8,0x4,20.5699997,26.277523,0.0393335707,-0.0266983751,5.32046506e-05,30,1.00899994,2
29,718108400000362,45330311,2458207.807289476,58207.3031134,18.4967537,0.0398041457,0,zg,206.0254592,39.4715427,0.513000011,0.0549999997,20180330303079,718,0x8,0x4,20.2999992,26.2438297,0.0340344943,-0.033817146,4.9876453e-05,30,1.10000002,2
30,718108400000362,45332019,2458207.824372809,58207.3201968,18.5304985,0.0407351963,0,zg,206.0254544,39.4715326,0.421999991,0.0399999991,20180330320162,718,0x8,0x4,20.1900005,26.2498417,0.0357197337,-0.0313052945,5.86792376e-05,30,1.06400001,2
31,718108400000362,45337768,2458207.8818609654,58207.3776852,18.4188118,0.0377570204,0,zg,206.0254654,39.4715651,0.825999975,0.115999997,20180330377650,718,0x8,0x4,20.25,26.2554379,0.0396796241,-0.0101944655,7.19169911e-05,30,1.00800002,2
32,718108400000362,45339872,2458207.9029025687,58207.3987269,18.5309963,0.040749155,0,zg,206.0254488,39.4715988,0.503000021,0.0970000029,20180330398715,718,0x8,0x4,20.2700005,26.2543602,0.0390237197,-0.00993631128,6.61689046e-05,30,1.00999999,2
33,718108400000362,45432378,2458208.8279557573,58208.3237847,18.3253994,0.0354841016,0,zg,206.0254968,39.4716321,0.81400001,-0.0780000016,20180331323750,718,0x8,0x4,18.5200005,25.8258038,0.0434271917,-0.0138974153,0.000421670644,30,1.05299997,2
34,718108400000362,45436576,2458208.8699347344,58208.3657639,18.4472675,0.0384880379,0,zg,206.0255486,39.4715806,0.307000011,-0.074000001,20180331365741,718,0x8,0x4,19.4300003,26.0986633,0.0456310511,-0.00667489739,0.000183719836,30,1.01100004,2
35,718108400000362,45439199,2458208.8961613914,58208.3919907,18.5516071,0.0413318127,32768,zg,206.0253788,39.4715738,0.344000012,-0.0309999995,20180331391979,718,0x8,0x4,18.6900005,25.8377724,0.0418422408,0.0158328731,0.000331408548,30,1.00899994,2
36,718108400000362,45439290,2458208.897075776,58208.3929051,18.3040886,0.0349918231,0,zg,206.0255916,39.4716535,0.824000001,-0.0489999987,20180331392894,718,0x8,0x4,18.8500004,25.8796272,0.0366574116,-0.019303374,0.000230355232,30,1.00899994,1
37,718108400000362,45439673,2458208.9009067686,58208.3967361,18.2592468,0.033986479,32768,zg,206.0255035,39.4714632,0.335999995,-0.0270000007,20180331396632,718,0x8,0x4,18.2999992,25.6194954,0.0404904224,-0.0274806488,0.000455805159,30,1.00999999,2
38,718108400000362,45629853,2458210.8026879574,58210.2985301,18.4537392,0.0386568941,0,zg,206.0254725,39.471563,0.395000011,0.0309999995,20180402298507,718,0x8,0x4,19.9599991,26.1620502,0.0391705297,-0.0250053145,8.13592414e-05,30,1.09200001,2
39,718108400000362,45631910,2458210.823266507,58210.3191088,18.5337639,0.0408267602,0,zg,206.0253861,39.4715292,0.405999988,0.0759999976,20180402319086,718,0x8,0x4,19.7900009,26.1037655,0.0371196419,-0.0102785984,8.24093077e-05,30,1.05200005,2
40,718108400000362,45634157,2458210.84573164,58210.3415741,18.3564053,0.0362175032,32768,zg,206.0253101,39.4714807,0.781000018,0.104999997,20180402341574,718,0x8,0x4,18.9899998,25.7063789,0.0495025888,-0.0359239839,0.000386392348,30,1.02400005,2
41,718108400000362,45635585,2458210.8600139166,58210.3558565,18.4421425,0.0383550189,32768,zg,206.0254517,39.4716229,0.615999997,0.0160000008,20180402355822,718,0x8,0x4,19.8299999,26.1536751,0.0431008041,0.00740521681,0.000107072628,30,1.01300001,2
42,718108400000362,45638045,2458210.884608628,58210.3804514,18.4894962,0.0396075062,0,zg,206.0254512,39.4715208,0.999000013,0.180000007,20180402380370,718,0x8,0x4,19.7099991,26.1004791,0.0457539,-0.0149043277,0.00013703006,30,1.00800002,2
43,718108400000362,45641932,2458210.923485608,58210.4193287,18.4833069,0.0394407958,0,zg,206.0254563,39.4715692,0.423000008,0.0179999992,20180402419271,718,0x8,0x4,19.9500008,26.241293,0.0392262042,-0.0155085428,7.47898957e-05,30,1.03100002,2
44,718108400000362,45733047,2458211.8346236446,58211.3304745,18.4023285,0.037341997,0,zg,206.02534,39.4716532,1.39699996,0.0949999988,20180403330451,718,0x8,0x4,19.8500004,26.2344513,0.0376449227,-0.0182508752,7.84444856e-05,30,1.03299999,2
45,718108400000362,45734153,2458211.845688448,58211.3415394,18.3343582,0.0356939323,0,zg,206.025449,39.4716074,0.870000005,0.108999997,20180403341539,718,0x8,0x4,19.5,26.2329903,0.0426321477,-0.0142434034,0.000136475282,30,1.02199996,2
46,718108400000362,45737072,2458211.8748779814,58211.3707292,18.5170708,0.0403613932,32768,zg,206.0254173,39.4716492,0.439999998,-0.0189999994,20180403370683,718,0x8,0x4,19.7099991,26.2370071,0.0440610386,0.00321391434,0.000119994256,30,1.00800002,1
47,718108400000362,45737164,2458211.8757922724,58211.3716435,18.4995193,0.0398794152,0,zg,206.0255715,39.4716241,1.10300004,0.0320000015,20180403371632,718,0x8,0x4,19.7600002,26.242321,0.0448971242,-0.0241990834,0.000122550307,30,1.00800002,3
48,718108400000362,45737255,2458211.8767066714,58211.3725579,18.3914604,0.0370716751,0,zg,206.0253569,39.4715745,1.05999994,0.0970000029,20180403372546,718,0x8,0x4,19.7000008,26.2475777,0.0432321467,-0.0163103398,0.000114830895,30,1.00800002,2
49,718108400000362,45739497,2458211.8991254624,58211.3949769,18.2857094,0.0345747955,0,zg,206.0253381,39.4716066,0.851999998,-0.108000003,20180403394873,718,0x8,0x4,19.5699997,26.2483234,0.0441061631,-0.0141737955,0.000136090181,30,1.01300001,2
50,718108400000362,46026497,2458214.7690944043,58214.2649769,18.6213284,0.0433826596,32768,zg,206.025507,39.4717727,0.458999991,0.023,20180406264954,718,0x8,0x4,19.7600002,25.2648315,0.0537122376,-0.0303047411,0.000182560034,30,1.153,2
51,718108400000362,46027776,2458214.781883568,58214.2777662,18.4719391,0.0391369723,32768,zg,206.0253379,39.4715758,0.93900001,0.0879999995,20180406277743,718,0x8,0x4,20.3099995,25.5766354,0.041804105,-0.00463446695,7.34813002e-05,30,1.11600006,3
52,718108400000362,46028456,2458214.788677486,58214.2845602,18.473156,0.03916936,0,zg,206.0254238,39.4715608,0.593999982,-0.0179999992,20180406284525,718,0x8,0x4,20.3999996,25.7671013,0.044024244,-0.0135933151,7.31333785e-05,30,1.09899998,1
53,718108400000362,46028550,2458214.7896265774,58214.2855093,18.4534473,0.0386492535,0,zg,206.0253215,39.4715382,1.04999995,0.075000003,20180406285486,718,0x8,0x4,20.3799992,25.7882919,0.0478372239,-0.00697877817,9.59795652e-05,30,1.09599996,2
54,718108400000362,46029449,2458214.7986078467,58214.2944907,18.4163895,0.0376956463,32768,zg,206.0256543,39.4717771,1.11000001,0.328999996,20180406294468,718,0x8,0x4,19.4500008,24.9488564,0.0570246466,0.00119668955,0.000290646451,30,1.07700002,2
55,718108400000362,47332315,2458227.827016809,58227.3231597,18.4299774,0.0380416662,0,zg,206.0253573,39.4716658,0.904999971,0.063000001,20180419323113,718,0x8,0x4,20.8700008,26.2382698,0.0374262668,-0.0289704818,4.48388964e-05,30,1.00800002,2
56,718108400000362,47332407,2458227.827931179,58227.3240741,18.4823685,0.0394156054,0,zg,206.0253906,39.4717295,1.53799999,0.063000001,20180419324074,718,0x8,0x4,20.9500008,26.2340012,0.0400050245,-0.0165612269,5.21006696e-05,30,1.00800002,3
57,718108400000362,47335276,2458227.856622501,58227.3527662,18.4347572,0.0381643549,0,zg,206.0253397,39.4716434,0.842999995,-0.0430000015,20180419352766,718,0x8,0x4,20.8700008,26.232069,0.0420922637,-0.0235936474,5.51540652e-05,30,1.01400006,2
58,718108400000362,47528968,2458229.7934890008,58229.2896875,18.5460815,0.0411745757,0,zg,206.0254614,39.4715495,1.21800005,0.0670000017,20180421289676,718,0x8,0x4,21.5599995,26.2735138,0.0304455943,-0.0995445848,2.57234024e-05,30,1.02400005,2
59,718108400000362,47529862,2458229.802423938,58229.2986227,18.5089378,0.0401371345,0,zg,206.0254777,39.471566,0.535000026,0.00700000022,20180421298611,718,0x8,0x4,21.7900009,26.2632141,0.0285834689,-0.0836216584,2.23632578e-05,30,1.01699996,2
60,718108400000362,47533003,2458229.8338350174,58229.3300347,18.5204582,0.0404552892,0,zg,206.0254716,39.4715619,0.837000012,0.0529999994,20180421330023,718,0x8,0x4,21.8299999,26.264698,0.0278632045,-0.0790330246,2.13687363e-05,30,1.00800002,1
61,718108400000362,47533094,2458229.834749389,58229.3309491,18.5556927,0.0414485633,0,zg,206.0254831,39.4715778,0.264999986,0.0,20180421330938,718,0x8,0x4,21.7900009,26.257164,0.0300888661,-0.0838468224,2.48131964e-05,30,1.00800002,3
62,718108400000362,47533186,2458229.835663664,58229.3318634,18.5075989,0.0401003435,0,zg,206.0254786,39.4715525,1.25800002,0.0260000005,20180421331852,718,0x8,0x4,21.5400009,26.2617645,0.0300293993,-0.0816761181,2.51496149e-05,30,1.00800002,2
63,718108400000362,47632184,2458230.8256109706,58230.3218403,18.4505482,0.0385735147,0,zg,206.0254819,39.4715543,1.37800002,0.148000002,20180422321759,718,0x8,0x4,21.4500008,26.1211376,0.0357735939,-0.0429996997,3.6199428e-05,30,1.00800002,2
64,718108400000362,47634218,2458230.8459575484,58230.3421875,18.5251999,0.0405871607,0,zg,206.0254792,39.4715621,0.763000011,0.0960000008,20180422342130,718,0x8,0x4,21.8299999,26.237215,0.0264713466,-0.0555829443,1.94283148e-05,30,1.01199996,2
65,718108400000362,47637349,2458230.877264488,58230.3734954,18.4713593,0.0391215384,0,zg,206.0254969,39.4715448,0.841000021,0.0649999976,20180422373484,718,0x8,0x4,21.7900009,26.1589298,0.0281917043,-0.054858923,2.2405944e-05,30,1.04100001,2
66,718108400000362,47637444,2458230.878213458,58230.3744444,18.5351315,0.0408651829,0,zg,206.0254897,39.4715505,1.07700002,0.0930000022,20180422374421,718,0x8,0x4,21.8299999,26.1531162,0.0298257452,-0.0629134625,2.49032237e-05,30,1.04299998,3
67,718108400000362,47739443,2458231.8981703287,58231.3944329,18.5101376,0.040170107,0,zg,206.0254821,39.4715462,1.005,0.00499999989,20180423394410,718,0x8,0x4,21.3899994,26.2230816,0.0332228802,-0.0291002002,3.14535682e-05,30,1.08200002,2
68,718108400000362,47739538,2458231.899119296,58231.3953819,18.5385284,0.0409608595,0,zg,206.0254561,39.4715795,0.991999984,0.0309999995,20180423395359,718,0x8,0x4,21.4200001,26.2256451,0.0333961993,-0.0329247601,3.1285399e-05,30,1.08500004,3
69,718108400000362,47741576,2458231.9195006434,58231.4157639,18.4877129,0.0395593755,0,zg,206.0254468,39.4715564,0.82099998,0.0219999999,20180423415741,718,0x8,0x4,21.1599998,26.2163963,0.0365763046,-0.0374478586,3.83468796e-05,30,1.13600004,2
70,718108400000362,47817306,2458232.676779628,58232.1730671,18.5261421,0.0406134538,32768,zg,206.0254466,39.4716448,0.662,0.0329999998,20180424173044,718,0x8,0x4,19.5200005,25.1600895,0.0802290365,-0.0888210535,0.000631568197,30,1.33599997,2
71,718108400000362,47825622,2458232.7599367886,58232.2562269,18.513443,0.0402611569,32768,zg,206.0254836,39.4715532,0.986000001,0.0759999976,20180424256204,718,0x8,0x4,20.1599998,25.7989731,0.0432384089,-0.0162342247,8.21563153e-05,30,1.05700004,2
72,718108400000362,47827600,2458232.7797161504,58232.2760069,18.4675865,0.0390214622,0,zg,206.0254852,39.471575,0.737999976,0.105999999,20180424275949,718,0x8,0x4,20.9799995,26.2408161,0.0325923227,-0.0367051139,3.42960266e-05,30,1.02999997,1
73,718108400000362,47827695,2458232.78066522,58232.276956,18.4392509,0.0382802188,0,zg,206.0254576,39.4715778,0.597000003,0.0280000009,20180424276933,718,0x8,0x4,20.6299992,26.239296,0.0393224433,-0.0238581114,5.11840808e-05,30,1.02900004,2
74,718108400000362,47827797,2458232.781683686,58232.2779745,18.5046425,0.040019311,0,zg,206.0254951,39.4715882,0.971000016,-0.00100000005,20180424277917,718,0x8,0x4,20.9500008,26.242115,0.0337613113,-0.0284303371,3.51759008e-05,30,1.02699995,3
75,718108400000362,47930452,2458233.808200856,58233.3045255,18.606535,0.042937018,0,zg,206.0254847,39.4715632,0.805000007,0.109999999,20180425304479,718,0x8,0x4,20.8700008,26.2312202,0.037866313,-0.0209214166,4.56484995e-05,30,1.00899994,2
76,718108400000362,47930543,2458233.809115124,58233.3054398,18.565073,0.0417182334,0,zg,206.0254775,39.471576,0.924000025,0.0759999976,20180425305428,718,0x8,0x4,20.9099998,26.2174873,0.0363980494,-0.0243884381,4.47980819e-05,30,1.00899994,3
77,718108400000362,48019390,2458234.6975456444,58234.1939005,18.6250992,0.0434971564,32768,zg,206.0255066,39.4715552,1.00300002,0.0,20180426193889,718,0x8,0x4,20.3199997,26.1053982,0.0358229578,-0.0419329591,5.3038737e-05,30,1.21099997,3
78,718108400000362,48030638,2458234.8100302024,58234.3063889,18.5482788,0.0412370078,0,zg,206.0254759,39.4716043,0.521000028,0.0860000029,20180426306308,718,0x8,0x4,20.25,26.1513767,0.040177241,-0.00954634044,7.0208589e-05,30,1.00800002,3
79,718108400000362,48132282,2458235.8264298323,58235.3228241,18.5512199,0.0413207635,32768,zg,206.0254806,39.4715786,1.16600001,0.0120000001,20180427322789,718,0x8,0x4,19.9899998,26.2501545,0.0404794924,-0.00242558029,7.90453269e-05,30,1.00999999,3
80,718108400000362,48133732,2458235.8409316097,58235.3373264,18.6472778,0.0441782959,0,zg,206.0253923,39.4716263,0.838999987,-0.0240000002,20180427337257,718,0x8,0x4,19.7299995,26.2528114,0.0413748287,-0.0165968612,0.000101724501,30,1.01800001,1
81,718108400000362,48221388,2458236.7174625886,58236.2138889,18.4958878,0.0397805981,0,zg,206.0254202,39.4715731,0.76700002,-0.0109999999,20180428213808,718,0x8,0x4,19.8099995,26.1955376,0.0445206799,-0.0247140899,0.000108699882,30,1.12600005,3
82,718108400000362,48237497,2458236.8785447185,58236.3749769,18.6402225,0.0439601764,0,zg,206.0255755,39.4715995,0.528999984,0.135000005,20180428374954,718,0x8,0x4,19.6299992,26.2259865,0.0411128737,-0.0256935861,0.000121063887,30,1.07099998,3
83,718108400000362,48343643,2458237.939963668,58237.4364352,18.5879345,0.042384807,0,zg,206.0256845,39.4713888,0.885999978,0.0160000008,20180429436435,718,0x8,0x4,19.3099995,26.1888351,0.0373271704,-0.0287139099,0.000128698841,30,1.278,3
84,718108400000362,48417207,2458238.6755723744,58238.1720718,18.5199451,0.0404410288,0,zg,206.0255783,39.4715698,0.930000007,-0.0240000002,20180430172025,718,0x8,0x4,19.8299999,26.2033348,0.0394425318,-0.0419547521,9.00422529e-05,30,1.25800002,2
85,718108400000362,48922596,2458243.729255788,58243.2259606,18.571373,0.0419005975,0,zg,206.0254518,39.4715526,1.16100001,0.0689999983,20180505225938,718,0x8,0x4,21.7900009,26.2337093,0.0279277731,-0.110829048,2.20605616e-05,30,1.05700004,2
86,718108400000362,48923572,2458243.7390239714,58243.2357292,18.5499611,0.0412848853,0,zg,206.0254906,39.4715576,0.977999985,-0.00200000009,20180505235706,718,0x8,0x4,21.8500004,26.2284527,0.0276223551,-0.100029878,2.14656447e-05,30,1.04200006,2
87,718108400000362,48925859,2458243.761893291,58243.2585995,18.5131416,0.0402528383,0,zg,206.0254551,39.4715711,1.68400002,0.0839999989,20180505258565,718,0x8,0x4,21.8600006,26.2654934,0.025729686,-0.090427801,1.86253837e-05,30,1.01800001,2
88,718108400000362,48925951,2458243.7628076524,58243.2595139,18.5471077,0.0412037224,0,zg,206.0254612,39.4715611,1.00800002,0.075000003,20180505259502,718,0x8,0x4,21.9500008,26.2657223,0.0296212025,-0.0794755593,2.46827021e-05,30,1.01699996,3
89,718108400000362,49022496,2458244.7282171105,58244.2249653,18.5750771,0.042008277,0,zg,206.0254799,39.471577,1.41999996,0.136000007,20180506224931,718,0x8,0x4,22.0100002,26.2092285,0.0235604234,-0.0642438382,1.56532496e-05,30,1.05400002,2
90,718108400000362,49023747,2458244.740728167,58244.2374769,18.5521069,0.0413460694,0,zg,206.0254956,39.4715597,1.13300002,0.0850000009,20180506237454,718,0x8,0x4,21.3899994,25.8452473,0.0325954854,-0.0630906522,3.02918361e-05,30,1.03600001,2
91,718108400000362,49026504,2458244.768296359,58244.2650463,18.63064,0.0436660983,32768,zg,206.02546,39.4715714,0.56099999,0.0610000007,20180506264988,718,0x8,0x4,20.9799995,25.4343681,0.037420474,-0.0369222462,4.51842643e-05,30,1.01199996,2
92,718108400000362,49026596,2458244.7692106203,58244.2659606,18.519207,0.0404205658,32768,zg,206.0254969,39.471564,0.726000011,-0.0350000001,20180506265961,718,0x8,0x4,21.0599995,25.5212173,0.0377771594,-0.0327792652,4.62067474e-05,30,1.01199996,3
93,718108400000362,49131144,2458245.81465044,58245.3114468,18.3797474,0.0367832892,32768,zg,206.0253279,39.4714308,0.629000008,-0.0960000008,20180507311377,718,0x8,0x4,18.9599991,24.1673965,0.121978477,-0.00758995628,0.00247520092,30,1.01900005,2
94,718108400000362,49230184,2458246.8049991056,58246.3018403,18.5825005,0.0422251411,0,zg,206.0253969,39.4716166,0.847000003,0.0520000011,20180508301817,718,0x8,0x4,21.0799999,26.2378654,0.0408459678,-0.0193432551,4.86013923e-05,30,1.01400006,2
95,718108400000362,49230366,2458246.8068277207,58246.303669,18.5863876,0.0423392728,0,zg,206.0254103,39.4716348,1.13300002,0.0170000009,20180508303669,718,0x8,0x4,21.1200008,26.234745,0.038840808,-0.0159514081,4.3961958e-05,30,1.01499999,3
96,718108400000362,49233290,2458246.8360624774,58246.3329051,18.5458813,0.0411688872,0,zg,206.0254488,39.4716195,0.231999993,-0.00600000005,20180508332847,718,0x8,0x4,21.0699997,26.2269421,0.0339808501,-0.0132571682,3.45362205e-05,30,1.046,2
97,718108400000362,49235377,2458246.856929516,58246.3537731,18.5269852,0.0406369679,0,zg,206.0254551,39.471602,0.933000028,-0.00300000003,20180508353738,718,0x8,0x4,21.2800007,26.2168884,0.0313062482,-0.0144877424,2.81569301e-05,30,1.08299994,2
98,718108400000362,49330300,2458247.8061219365,58247.3030093,18.5237694,0.0405473113,0,zg,206.0254137,39.4715932,1.06099999,0.0769999996,20180509302986,718,0x8,0x4,21.4899998,26.2382584,0.031692557,-0.0190098267,2.84482903e-05,30,1.01699996,2
99,718108400000362,49330392,2458247.8070361945,58247.3039236,18.5579376,0.0415129289,0,zg,206.0254534,39.4715963,1.62699997,0.0759999976,20180509303912,718,0x8,0x4,21.4500008,26.2426548,0.0348151214,-0.0300467853,3.47392597e-05,30,1.01699996,3
100,718108400000362,49333319,2458247.836305623,58247.3331944,18.5596962,0.0415634066,0,zg,206.025432,39.4715794,0.555000007,0.0390000008,20180509333137,718,0x8,0x4,21.6299992,26.2292213,0.0290924814,-0.0222175177,2.36275537e-05,30,1.04999995,2
101,718108400000362,49335392,2458247.857033848,58247.3539236,18.5866318,0.0423464626,0,zg,206.0254651,39.4715888,0.736000001,-0.0329999998,20180509353854,718,0x8,0x4,21.6900005,26.2192249,0.0318924189,-0.0252333134,2.87373477e-05,30,1.08899999,2
102,718108400000362,49421688,2458248.719956347,58248.2168866,18.5576305,0.0415041074,0,zg,206.0254581,39.4715694,0.779999971,0.0649999976,20180510216875,718,0x8,0x4,21.4500008,26.2381115,0.0282852966,-0.0319786035,2.24410305e-05,30,1.04999995,2
103,718108400000362,49431900,2458248.8220695048,58248.3190046,18.5709839,0.0418893173,0,zg,206.0254398,39.4715964,0.609000027,0.0149999997,20180510318970,718,0x8,0x4,21.0799999,26.2366619,0.0376327485,-0.0264325514,4.0964107e-05,30,1.03400004,2
104,718108400000362,49433682,2458248.8398927515,58248.3368287,18.5358562,0.0408855751,0,zg,206.025444,39.4716154,0.811999977,0.0340000018,20180510336759,718,0x8,0x4,21.2099991,26.2350941,0.0330256335,-0.0268213023,3.1576692e-05,30,1.06099999,2
105,718108400000362,49519263,2458249.695662065,58249.1926389,18.48703,0.0395409614,0,zg,206.0254172,39.4716452,1.22800004,0.105999999,20180511192581,718,0x8,0x4,21.0400009,26.1032448,0.0382332355,-0.0152923539,4.38612697e-05,30,1.09000003,2
106,718108400000362,49521449,2458249.71751282,58249.2144907,18.5123558,0.0402311869,0,zg,206.0253844,39.4716454,1.20000005,0.0670000017,20180511214468,718,0x8,0x4,21.0200005,26.1348076,0.0416921936,-0.011618875,5.37400956e-05,30,1.04900002,3
107,718108400000362,49521542,2458249.7184502766,58249.2154282,18.58811,0.0423899703,0,zg,206.0254198,39.4716404,0.999000013,-0.101000004,20180511215405,718,0x8,0x4,21.0400009,26.1280632,0.0362779461,-0.0150309354,3.98564298e-05,30,1.04799998,2
108,718108400000362,49534019,2458249.843212841,58249.3401968,18.5010185,0.0399202779,32768,zg,206.0253446,39.4717209,1.63300002,-0.0939999968,20180511340139,718,0x8,0x4,20.6399994,26.184473,0.0438327342,-0.00498590386,7.01890822e-05,30,1.07200003,2
109,718108400000362,50118060,2458255.6833226136,58255.1806019,18.5918541,0.0425004289,0,zg,206.0254842,39.4715722,0.737999976,0.0299999993,20180517180590,718,0x8,0x4,21.8299999,26.2458439,0.0317911766,-0.0859698281,2.74524209e-05,30,1.08099997,2
110,718108400000362,50121590,2458255.71862166,58255.2159028,18.587429,0.0423699245,0,zg,206.0254633,39.4715647,1.08299994,0.101999998,20180517215880,718,0x8,0x4,22.1200008,26.2413902,0.0282281078,-0.0674624145,2.20368966e-05,30,1.02699995,3
111,718108400000362,50121684,2458255.7195591102,58255.2168403,18.5788326,0.0421178378,0,zg,206.0254881,39.4715731,1.10500002,0.064000003,20180517216817,718,0x8,0x4,21.9799995,26.2507362,0.0256781951,-0.0674836859,1.78956871e-05,30,1.02600002,2
112,718108400000362,50121778,2458255.7205081605,58255.2177894,18.5795898,0.042139966,0,zg,206.0254831,39.4715695,0.588999987,0.0450000018,20180517217766,718,0x8,0x4,22.0300007,26.241497,0.0277339891,-0.0745329782,2.11451461e-05,30,1.02499998,1
113,718108400000362,50427862,2458258.781176418,58258.2786227,18.5507774,0.0413081534,0,zg,206.025434,39.4716053,0.875,0.00100000005,20180520278565,718,0x8,0x4,21.3999996,26.1752262,0.0335231051,-0.0316249505,3.14143144e-05,30,1.02100003,1
114,718108400000362,50429020,2458258.79276138,58258.2902083,18.5611992,0.0416066237,0,zg,206.0254328,39.4715812,0.833000004,0.064000003,20180520290197,718,0x8,0x4,21.4500008,26.1737576,0.0352945738,-0.0329327211,3.50336159e-05,30,1.03299999,3
115,718108400000362,50429114,2458258.793698828,58258.2911458,18.6220779,0.0434053615,0,zg,206.0254368,39.4715844,0.88499999,0.128000006,20180520291123,718,0x8,0x4,21.4400005,26.1610146,0.0337099321,-0.0178245939,3.17090417e-05,30,1.03400004,2
116,718108400000362,50430696,2458258.809519752,58258.3069676,18.6340828,0.0437714756,0,zg,206.0254172,39.4715699,0.978999972,0.0390000008,20180520306944,718,0x8,0x4,21.2999992,26.1600952,0.0361832343,-0.0254695602,3.67632456e-05,30,1.05599999,2
117,718108400000362,50433172,2458258.834275277,58258.3317245,18.5951519,0.0425979979,0,zg,206.0254162,39.4715799,1.22800004,0.107000001,20180520331701,718,0x8,0x4,21.4500008,26.1618443,0.0312638283,-0.0278873201,2.70659275e-05,30,1.10800004,2
118,718108400000362,50518324,2458259.685744412,58259.1832407,18.8085861,0.0495427921,32768,zg,206.0254819,39.4715458,0.579999983,0.151999995,20180521183218,718,0x8,0x4,19.2199993,24.3880081,0.048173245,-0.0461043455,0.00026930467,30,1.05499995,2
119,718108400000362,50827024,2458262.7725721523,58262.2702431,18.5546684,0.0414192639,0,zg,206.0254065,39.4716245,0.862999976,0.0820000023,20180524270116,718,0x8,0x4,20.3099995,26.2129612,0.0383382812,-0.00991201866,6.17556507e-05,30,1.023,1
120,718108400000362,51219982,2458266.701924832,58266.1998264,18.588686,0.0424069278,0,zg,206.0254402,39.4716146,0.400000006,0.0529999994,20180528199826,718,0x8,0x4,20.2900009,26.2012215,0.0395755433,-0.0159289222,6.93380207e-05,30,1.01499999,1
121,718108400000362,51317768,2458267.679724903,58267.1776852,18.5676651,0.0417931639,0,zg,206.0254656,39.471573,0.968999982,0.0280000009,20180529177662,718,0x8,0x4,19.8299999,26.2052326,0.0406430475,-0.0162446741,9.42941406e-05,30,1.03299999,2
122,718108400000362,51320266,2458267.7047001934,58267.202662,18.6116276,0.043089781,32768,zg,206.0254556,39.4716391,0.973999977,-0.00800000038,20180529202650,718,0x8,0x4,19.8899994,26.1844044,0.0414802395,0.00811353605,9.80518671e-05,30,1.01199996,2
123,718108400000362,51322440,2458267.7264465853,58267.2244097,18.5505409,0.0413014293,32768,zg,206.0254148,39.4715661,0.663999975,-0.187000006,20180529224410,718,0x8,0x4,19.8400002,26.1948299,0.0428771377,0.00449825311,0.000116018135,30,1.00699997,2
124,718108400000362,51524718,2458269.7491012546,58269.2471875,18.5135841,0.0402650423,0,zg,206.0253621,39.4716393,0.859000027,0.0140000004,20180531247164,718,0x8,0x4,20.0100002,26.2501259,0.04700334,-0.00626660837,0.000121810379,30,1.01999998,2
125,718108400000362,51526061,2458269.762526348,58269.2606134,18.7100105,0.0461770482,0,zg,206.0255795,39.4714906,0.625,0.142000005,20180531260567,718,0x8,0x4,19.6399994,26.0379162,0.0392536819,-0.0118496362,9.85836523e-05,30,1.03299999,2
126,718108400000362,51624685,2458270.7487040577,58270.2468519,18.6076374,0.042970039,32768,zg,206.0254242,39.471643,0.31099999,-0.00200000009,20180601246829,718,0x8,0x4,20.3199997,26.1805954,0.0389195159,0.000459859933,6.27721383e-05,30,1.02199996,2
127,718108400000362,51820060,2458272.702332324,58272.2006019,18.5835724,0.0422566012,0,zg,206.0254795,39.4715564,1.15799999,0.075000003,20180603200544,718,0x8,0x4,21.9099998,26.2030907,0.0275852755,-0.0513449535,2.18671757e-05,30,1.00800002,2
128,718108400000362,51821983,2458272.7215672145,58272.219838,18.5290546,0.0406947955,0,zg,206.0254601,39.4715547,1.49399996,0.141000003,20180603219838,718,0x8,0x4,21.8600006,26.1943188,0.0279882681,-0.0419499464,2.2993192e-05,30,1.00899994,2
129,718108400000362,51823467,2458272.7364041787,58272.2346759,18.6313171,0.043686796,0,zg,206.0254445,39.4715685,1.37800002,0.119999997,20180603234653,718,0x8,0x4,21.75,26.1982422,0.025181815,-0.0373913236,1.81749165e-05,30,1.01699996,1
130,718108400000362,51823568,2458272.737411118,58272.2356829,18.5743046,0.0419857875,0,zg,206.0255001,39.4715645,1.26699996,0.171000004,20180603235637,718,0x8,0x4,21.8299999,26.197794,0.0290439166,-0.0511360504,2.44047005e-05,30,1.01699996,2
131,718108400000362,51924749,2458273.749164471,58273.2475,18.6021233,0.0428052209,0,zg,206.025471,39.4715655,0.941999972,0.0489999987,20180604247477,718,0x8,0x4,21.8500004,26.2338791,0.0293463748,-0.0508737601,2.45529427e-05,30,1.03100002,2
132,718108400000362,51925667,2458273.758342088,58273.2566782,18.5526371,0.0413612127,0,zg,206.0254763,39.4715608,1.00399995,0.111000001,20180604256482,718,0x8,0x4,21.8299999,26.21912,0.0277868062,-0.0475527346,2.19193607e-05,30,1.04200006,2
133,718108400000362,52024100,2458274.7426083577,58274.2410069,18.6036358,0.0428503603,0,zg,206.0254524,39.4715728,0.769999981,0.0839999989,20180605240984,718,0x8,0x4,21.9599991,26.2232437,0.0305662211,-0.0322882794,2.68734748e-05,30,1.02699995,2
134,718108400000362,52026057,2458274.762178907,58274.2605787,18.6177483,0.0432742536,0,zg,206.0254675,39.4715566,1.81900001,0.223000005,20180605260556,718,0x8,0x4,21.9099998,26.2214851,0.0291078743,-0.0390735455,2.43008162e-05,30,1.05200005,2
135,718108400000362,52027623,2458274.7778376024,58274.2762384,18.6150227,0.0431919917,0,zg,206.0254795,39.4715795,0.726999998,0.0480000004,20180605276227,718,0x8,0x4,22.1000004,26.2358284,0.0267238095,-0.0596155897,2.0335232e-05,30,1.08099997,2
136,718108400000362,52127005,2458275.7715936536,58275.2700579,18.5690117,0.0418321192,0,zg,206.0254908,39.4715754,0.968999982,0.107000001,20180606270035,718,0x8,0x4,21.9099998,26.2159233,0.0281883199,-0.0418809801,2.32183065e-05,30,1.074,2
137,718108400000362,52222763,2458276.729113165,58276.2276389,18.6103897,0.0430525988,0,zg,206.0254797,39.4715588,0.442000002,0.00300000003,20180607227546,718,0x8,0x4,21.9899998,26.2173595,0.0288620628,-0.0437455885,2.35966327e-05,30,1.01900005,2
138,718108400000362,52224418,2458276.7456629924,58276.2441898,18.6153412,0.0432015918,0,zg,206.0254804,39.4715779,1.22000003,0.162,20180607244178,718,0x8,0x4,22.1700001,26.2262764,0.0263874605,-0.0565772951,1.98465441e-05,30,1.03600001,2
139,718108400000362,52224513,2458276.7466120333,58276.2451389,18.5759201,0.0420328267,0,zg,206.0255084,39.4715688,1.68099999,0.162,20180607245116,718,0x8,0x4,22.1299992,26.2355919,0.026629677,-0.0617743619,2.00239447e-05,30,1.03799999,1
140,718108400000362,52226028,2458276.7617615494,58276.2602894,18.5854092,0.0423104987,0,zg,206.0254878,39.471579,1.12199998,0.0790000036,20180607260266,718,0x8,0x4,22.1399994,26.2370453,0.0261817183,-0.0618376844,1.93406595e-05,30,1.05999994,2
141,718108400000362,52319631,2458277.6977311024,58277.1963194,18.6052647,0.0428990088,0,zg,206.0254753,39.4715716,1.20200002,0.063000001,20180608196319,718,0x8,0x4,21.5900002,26.1671581,0.0268779974,-0.0277104974,2.07618468e-05,30,1.00699997,2
142,718108400000362,52322622,2458277.7276366614,58277.2262269,18.5751457,0.0420102924,0,zg,206.0254761,39.4715483,1.86399996,0.196999997,20180608226042,718,0x8,0x4,21.8099995,26.1576881,0.0293417703,-0.0476552546,2.42215428e-05,30,1.01999998,2
143,718108400000362,52333030,2458277.831703863,58277.3303009,18.6602745,0.0445835404,0,zg,206.0255323,39.4715702,1.15999997,0.115000002,20180608330278,718,0x8,0x4,21.3999996,26.1153183,0.0317115001,-0.060662806,2.91436518e-05,30,1.29299998,2
144,718108400000362,52519583,2458279.6971148164,58279.1958333,18.6043091,0.0428704694,0,zg,206.0255171,39.4715684,1.23199999,0.156000003,20180610195799,718,0x8,0x4,21.9500008,26.2255383,0.0277626291,-0.0584521294,2.18891546e-05,30,1.00800002,2
145,718108400000362,52522184,2458279.723120108,58279.2218403,18.6310463,0.0436785221,0,zg,206.0254855,39.4715702,1.21000004,0.170000002,20180610221817,718,0x8,0x4,21.8700008,26.2395039,0.0251176972,-0.0635634139,1.78455975e-05,30,1.02100003,2
146,718108400000362,52522275,2458279.724034347,58279.2227546,18.613987,0.0431607738,0,zg,206.0254882,39.4715772,1.24300003,0.116999999,20180610222755,718,0x8,0x4,21.8400002,26.2323284,0.0288130865,-0.050518889,2.34963627e-05,30,1.02199996,1
147,718108400000362,52529839,2458279.7996659614,58279.2983912,18.6448097,0.0441018231,0,zg,206.0254943,39.4715486,0.816999972,0.125,20180610298356,718,0x8,0x4,21.7399998,26.1629982,0.0270618722,-0.0677933171,2.09795544e-05,30,1.17999995,2
148,718108400000362,52622583,2458280.7270472324,58280.2258333,18.6043453,0.0428715348,0,zg,206.0254332,39.4715763,0.925999999,0.112000003,20180611225764,718,0x8,0x4,21.7099991,26.2278347,0.032450445,-0.0264812578,2.93020639e-05,30,1.028,2
149,718108400000362,52624216,2458280.743377256,58280.2421644,18.5822639,0.0422182232,0,zg,206.0254783,39.4715695,1.472,0.171000004,20180611242060,718,0x8,0x4,21.7999992,26.2305756,0.0272285249,-0.0389939882,2.06958084e-05,30,1.04900002,2
150,718108400000362,52625936,2458280.760575117,58280.2593634,18.6279659,0.0435844697,0,zg,206.0254912,39.4715682,0.939999998,0.074000001,20180611259132,718,0x8,0x4,21.6599998,26.2325058,0.0264695585,-0.0373723656,1.97727695e-05,30,1.08000004,2
151,718108400000362,52826337,2458282.7644589297,58282.2633796,18.5972767,0.0426610485,0,zg,206.0254775,39.4715614,1.13699996,0.129999995,20180613263322,718,0x8,0x4,21.7399998,26.1768074,0.0259256288,-0.0332023874,1.86719899e-05,30,1.10099995,1
152,718108400000362,53022424,2458284.7251965054,58284.2242477,18.6295719,0.0436334684,0,zg,206.025496,39.4715737,0.963999987,0.115000002,20180615224201,718,0x8,0x4,21.5499992,26.1773186,0.0320629366,-0.0264883358,2.855823e-05,30,1.03900003,2
153,718108400000362,53023993,2458284.7408783506,58284.2399306,18.598938,0.0427103899,0,zg,206.0254655,39.4715575,1.16700006,0.0759999976,20180615239826,718,0x8,0x4,21.7099991,26.1914215,0.0312696695,-0.046411857,2.72512025e-05,30,1.06299996,2
154,718108400000362,53026938,2458284.77033237,58284.2693866,18.6667957,0.0447885841,0,zg,206.0254982,39.4715426,0.952000022,0.144999996,20180615269363,718,0x8,0x4,21.8700008,26.1675186,0.0272704307,-0.0638008416,2.12588329e-05,30,1.13100004,2
155,718108400000362,53222363,2458286.724449139,58286.2236343,18.6432266,0.0440528765,0,zg,206.0254967,39.471559,1.06500006,0.0979999974,20180617223588,718,0x8,0x4,21.6900005,26.2389698,0.027743239,-0.0304667857,2.12996638e-05,30,1.04499996,2
156,718108400000362,53223888,2458286.739702707,58286.2388889,18.6258869,0.0435211323,0,zg,206.0254947,39.4715587,1.153,0.159999996,20180617238866,718,0x8,0x4,21.7800007,26.2411995,0.0261268858,-0.047767967,1.92818097e-05,30,1.07099998,2
157,718108400000362,53225532,2458286.7561367936,58286.2553241,18.6298256,0.0436412245,0,zg,206.0254984,39.4715755,1.04200006,0.115000002,20180617255289,718,0x8,0x4,21.9699993,26.2330341,0.0264533386,-0.0571629256,2.00384202e-05,30,1.10800004,2
158,718108400000362,53420410,2458288.7047902457,58288.2041088,18.7075272,0.0460958183,0,zg,206.0254299,39.4715591,1.375,0.064000003,20180619204039,718,0x8,0x4,21.1200008,26.2298355,0.031927228,-0.0257294923,2.97074512e-05,30,1.028,1
159,718108400000362,53918099,2458293.681339603,58293.1809954,18.6499519,0.0442612953,0,zg,206.0254333,39.4715657,0.241999999,-0.00800000038,20180624180926,718,0x8,0x4,20.5900002,26.2391644,0.0369277112,-0.0126190186,4.80598101e-05,30,1.01900005,2
160,718108400000362,53919162,2458293.69196388,58293.1916204,18.6837444,0.0453269929,0,zg,206.0254863,39.4715897,0.665000021,0.0469999984,20180624191551,718,0x8,0x4,20.5499992,26.2440395,0.0372835062,-0.0281568058,4.96653811e-05,30,1.02900004,2
161,718108400000362,53921100,2458293.711349054,58293.2110069,18.5884743,0.042400714,0,zg,206.0254706,39.471603,0.460000008,-0.0199999996,20180624210984,718,0x8,0x4,20.1900005,26.232933,0.0388366804,-0.0265505742,6.22517764e-05,30,1.05499995,2
162,718108400000362,54017965,2458294.679929135,58294.1796528,18.6832047,0.045309715,0,zg,206.0254956,39.4715624,0.609000027,0.0649999976,20180625179630,718,0x8,0x4,20.7600002,26.2256489,0.0345243365,-0.0366147906,4.07941807e-05,30,1.01999998,1
163,718108400000362,54118347,2458295.683680275,58295.1834722,18.7542114,0.0476513542,0,zg,206.025408,39.4716461,0.975000024,0.128999993,20180626183449,718,0x8,0x4,20.2299995,26.2216053,0.0359718166,-0.0106902588,5.63535395e-05,30,1.02600002,2
164,718108400000362,54122872,2458295.728931883,58295.2287269,18.5894604,0.0424297675,0,zg,206.02546,39.4716369,0.284999996,-0.0540000014,20180626228704,718,0x8,0x4,20.25,26.1953144,0.0406174287,-0.00829213578,6.97007054e-05,30,1.10300004,2
165,718108400000362,54217834,2458296.678485333,58296.1783449,18.6700516,0.0448914357,0,zg,206.0254224,39.4715941,0.736999989,-0.0130000003,20180627178252,718,0x8,0x4,20.1000004,26.2123451,0.0386185683,-0.0143884346,6.55685653e-05,30,1.02400005,2
166,718108400000362,54322790,2458297.7279741666,58297.2279051,18.6098061,0.0430350602,0,zg,206.0254932,39.4715317,0.388999999,0.00600000005,20180628227882,718,0x8,0x4,20.4599991,26.1902542,0.0405556224,-0.0215758514,6.55434778e-05,30,1.11500001,2
167,718108400000362,54418218,2458298.6821917347,58298.1821875,18.6543217,0.0443973392,0,zg,206.0254498,39.4715529,0.816999972,0.0160000008,20180629182072,718,0x8,0x4,20.7099991,26.2414818,0.0321764499,-0.066659525,3.52463139e-05,30,1.03400004,2
168,718108400000362,54420724,2458298.707247922,58298.2072454,18.6802578,0.0452155843,0,zg,206.0254571,39.4715601,0.405000001,0.00200000009,20180629207222,718,0x8,0x4,20.6200008,26.203455,0.0389789566,-0.0322784632,5.15464671e-05,30,1.07299995,2
169,718108400000362,54422858,2458298.728589065,58298.228588,18.6846447,0.0453558005,0,zg,206.0255195,39.4715576,0.449999988,0.050999999,20180629228576,718,0x8,0x4,20.6000004,26.201746,0.039394699,-0.0335525163,5.24651077e-05,30,1.12399995,2
170,718108400000362,54622524,2458300.7251086407,58300.2252431,18.7140675,0.0463100411,0,zg,206.0254869,39.4715806,0.851000011,0.074000001,20180701225174,718,0x8,0x4,21.2199993,26.1216202,0.0364653841,-0.0604657717,3.85803723e-05,30,1.13,1
171,718108400000362,54920532,2458303.7049880414,58303.2053241,18.6844063,0.0453481711,0,zg,206.0254938,39.4715759,1.80900002,0.197999999,20180704205301,718,0x8,0x4,21.9899998,26.134306,0.0275783446,-0.0476568937,2.16501976e-05,30,1.09899998,1
172,718108400000362,55222033,2458306.7197968005,58306.2203356,18.6694717,0.0448730811,0,zg,206.0254591,39.4715469,0.991999984,0.103,20180707220336,718,0x8,0x4,21.6299992,26.0001907,0.0308213625,-0.0532854684,2.75241891e-05,30,1.16499996,1
173,718108400000362,55724395,2458311.743085873,58311.2439583,17.9153271,0.0275130626,32768,zg,206.0254602,39.471583,0.952000022,0.0909999982,20180712243935,718,0x8,0x4,19.4200001,24.0564079,0.379905134,0.0547899455,0.0157279782,30,1.32799995,1
174,718108400000362,56217141,2458316.6702196104,58316.171412,18.5331631,0.0408098921,0,zg,206.0254802,39.4715746,0.855000019,0.0419999994,20180717171377,718,0x8,0x4,20.6900005,26.0544605,0.0360508598,-0.0127232727,4.4688768e-05,30,1.10300004,2
175,718108400000362,56217236,2458316.671168648,58316.1723611,18.7117424,0.046233736,0,zg,206.0254694,39.4715929,1.30700004,0.143999994,20180717172338,718,0x8,0x4,20.7800007,26.0642338,0.0370358415,-0.0145407422,4.48063329e-05,30,1.10500002,1
176,718108400000362,57120827,2458325.706522386,58325.2082755,18.5575371,0.0415014438,0,zg,206.0255011,39.4715562,0.81099999,0.0450000018,20180726208252,718,0x8,0x4,20.1399994,26.0706215,0.0411652736,-0.0154679548,8.08586483e-05,30,1.34300005,2
177,718108400000362,57727481,2458331.772709368,58331.2748148,18.6000156,0.0427424423,32768,zg,206.0255386,39.4716142,0.563000023,-0.0209999997,20180801274780,718,0x8,0x4,19.9400005,25.7311649,0.0435315259,-0.00340779265,0.000101522113,30,2.2750001,1
178,718108400000362,58018023,2458334.677965552,58334.1802315,18.6200123,0.043342784,0,zg,206.0254752,39.4715762,0.467999995,0.0799999982,20180804180220,718,0x8,0x4,21.5300007,26.0627804,0.0284639429,-0.0391001441,2.27950259e-05,30,1.324,1
179,718108400000362,58317347,2458337.6710468573,58337.1734722,18.5244255,0.0405656025,0,zg,206.0255062,39.4715727,1.17299998,0.153999999,20180807173461,718,0x8,0x4,21.4699993,26.1001682,0.0310256537,-0.0223257113,2.76636019e-05,30,1.33200002,1
180,718108400000362,59118012,2458345.67730912,58345.1801273,18.5381126,0.0409491286,0,zg,206.0254293,39.4716269,0.842000008,0.0769999996,20180815180116,718,0x8,0x4,20.7700005,26.030323,0.0379560031,-0.00628132606,4.7415866e-05,30,1.52900004,1
181,718108400000362,59415501,2458348.652061125,58348.1550116,18.606493,0.0429357737,32768,zg,206.0254716,39.4716375,0.421999991,0.0469999984,20180818155000,718,0x8,0x4,20.2700005,26.0281315,0.0393388048,-0.00569679914,6.79845325e-05,30,1.40400004,1
182,718108400000362,60915923,2458363.655744875,58363.1592361,18.4895935,0.0396101139,0,zg,206.0254104,39.4715629,0.569000006,-0.0199999996,20180902159225,718,0x8,0x4,20.3500004,25.9130344,0.0426598005,-0.00673034182,7.52887936e-05,30,1.80799997,1
183,718108400000362,68851069,2458443.0084826406,58442.5106944,18.1855125,0.0324201211,32768,zg,206.0255218,39.4715327,0.981000006,-0.0500000007,20181120510683,718,0x8,0x4,20.2299995,24.9039459,0.151681975,-0.0432323813,0.00112138281,30,2.33599997,1
184,718108400000362,71455100,2458469.050459397,58468.5510069,18.469677,0.0390768647,0,zg,206.0254866,39.4715645,0.609000027,0.0390000008,20181216550995,718,0x8,0x4,21.6800003,26.2464428,0.0285120457,-0.0772380158,2.30530586e-05,30,1.21700001,1
185,718108400000362,71751337,2458472.0130377864,58471.5133796,18.5001907,0.0398977101,0,zg,206.0254695,39.4715494,1.02199996,0.0209999997,20181219513368,718,0x8,0x4,21.3199997,26.1993675,0.028594967,-0.0679880977,2.33718383e-05,30,1.36500001,1
186,718108400000362,72651334,2458481.0136342035,58480.5133449,18.4442234,0.0384089351,0,zg,206.0254897,39.4714989,0.646000028,0.0340000018,20181228513287,718,0x8,0x4,20.3899994,26.2265263,0.0400546044,-0.0914548114,6.27069749e-05,30,1.23800004,1
187,718108400000362,73255262,2458487.053339707,58486.5526273,18.4929752,0.0397015959,0,zg,206.0254751,39.4715532,0.838,0.0219999999,20190103552616,718,0x8,0x4,21.3500004,26.2651711,0.0304956473,-0.0715643242,2.64102109e-05,30,1.06900001,1
188,718108400000362,73749280,2458491.993855101,58491.4928009,18.5593262,0.041552756,0,zg,206.025599,39.4715593,1.55999994,0.0340000018,20190108492801,718,0x8,0x4,21.0699997,26.1497326,0.0406580679,-0.0370922983,4.83796648e-05,30,1.19799995,1
189,718108400000362,74053077,2458495.0320367464,58494.5307755,18.4767017,0.0392638817,0,zg,206.0254948,39.4715699,1.33700001,0.116999999,20190111530752,718,0x8,0x4,22.2700005,26.2121468,0.0270103645,-0.0648791119,2.05022952e-05,30,1.07000005,1
190,718108400000362,74848866,2458502.9904559534,58502.488669,18.4693584,0.0390684232,0,zg,206.0255759,39.471582,1.23300004,-0.0439999998,20190119488646,718,0x8,0x4,20.1100006,26.1089249,0.0409157462,-0.0285538919,7.43516575e-05,30,1.11600006,1
191,718108400000362,75148540,2458505.9873823314,58505.4854051,18.4643898,0.0389368907,0,zg,206.0252673,39.4715173,0.92900002,-0.00499999989,20190122485405,718,0x8,0x4,19.4599991,26.2648411,0.0473696031,-0.0671974644,0.000180091898,30,1.10300004,1
192,718108400000362,75748452,2458511.986868138,58511.4845255,18.5425892,0.0410755686,0,zg,206.0254793,39.4715515,0.587000012,0.0350000001,20190128484514,718,0x8,0x4,21.7299995,26.2580299,0.0301061235,-0.0843618736,2.59928493e-05,30,1.07000005,1
193,718108400000362,76848876,2458522.9917092994,58522.4887616,18.5062904,0.0400644727,0,zg,206.0254828,39.4715778,0.772000015,0.050999999,20190208488738,718,0x8,0x4,21.6900005,26.2282314,0.0271310192,-0.0433510058,2.05817632e-05,30,1.023,1
194,718108400000362,77246709,2458526.970236851,58526.4670949,18.5269966,0.0406372696,0,zg,206.0254363,39.4715886,1.16999996,-0.0109999999,20190212467083,718,0x8,0x4,20.7099991,25.9979591,0.0410198011,-0.032115344,5.36791995e-05,30,1.03400004,1
195,718108400000362,78441158,2458538.915220576,58538.4115856,18.4871368,0.0395438522,32768,zg,206.0254795,39.47146,0.558000028,-0.00800000038,20190224411586,718,0x8,0x4,19.8600006,25.4890575,0.0379780531,-0.07965976,8.43529051e-05,30,1.06799996,2
196,718108400000362,78444927,2458538.952907107,58538.4492708,18.4607773,0.0388416275,32768,zg,206.0255301,39.4715866,0.704999983,-0.0179999992,20190224449225,718,0x8,0x4,20.1100006,25.5268078,0.0434801653,-0.0651116446,9.15694618e-05,30,1.01900005,1
197,718108400000362,78445255,2458538.956194328,58538.4525579,18.4909821,0.0396476462,32768,zg,206.0254861,39.471514,0.222000003,0.00300000003,20190224452512,718,0x8,0x4,20.0900002,25.5312691,0.0411514565,-0.0232610535,8.88165596e-05,30,1.01699996,2
198,718108400000362,78528989,2458539.79356126,58539.2898958,18.6025429,0.0428177342,0,zg,206.0254539,39.4715406,1.44599998,0.189999998,20190225289884,718,0x8,0x4,21.2199993,25.7440624,0.036696855,-0.0631129593,4.05466817e-05,30,1.65699995,2
199,718108400000362,78539306,2458539.896736167,58539.3930671,18.5736542,0.0419668891,0,zg,206.025484,39.4715615,1.13100004,0.143000007,20190225393044,718,0x8,0x4,21.2000008,25.987711,0.0334237292,-0.0461808667,3.40180814e-05,30,1.102,2
200,718108400000362,78540302,2458539.906690211,58539.4030208,18.5566368,0.0414756052,0,zg,206.0254942,39.4715611,1.28400004,0.0540000014,20190225403009,718,0x8,0x4,20.7999992,25.762764,0.033776667,-0.0513514169,3.93933515e-05,30,1.08000004,2
201,718108400000362,78638596,2458540.8896631217,58540.3859606,18.5826111,0.0422283933,32768,zg,206.0254827,39.4715348,0.614000022,0.00499999989,20190226385914,718,0x8,0x4,21.2900009,26.2873955,0.0341207273,-0.157474279,3.34416945e-05,30,1.11300004,2
202,718108400000362,78639729,2458540.9009946035,58540.3972917,18.5576248,0.0415039361,32768,zg,206.0254516,39.4715574,1.15900004,0.0529999994,20190226397280,718,0x8,0x4,21.2600002,26.2182693,0.0338029303,-0.127354026,3.40506012e-05,30,1.08599997,2
203,718108400000362,78743763,2458541.941375721,58541.4376389,18.5666084,0.0417625904,0,zg,206.0255116,39.4715451,0.479000002,0.0370000005,20190227437639,718,0x8,0x4,21.9599991,26.2775497,0.0274581071,-0.0939841121,2.13567509e-05,30,1.02199996,2
204,718108400000362,78948596,2458543.989760748,58543.4859606,18.6229134,0.0434307195,32768,zg,206.0254039,39.4715637,1.50399995,0.119999997,20190301485938,718,0x8,0x4,20.9799995,25.6840611,0.0499951728,-0.0323086232,7.93261206e-05,30,1.01300001,2
205,718108400000362,79334012,2458547.8440339435,58547.3401273,18.5698586,0.0418566875,0,zg,206.0254614,39.4715439,1.17499995,0.0520000011,20190305340116,718,0x8,0x4,21.3799992,26.1775093,0.027966721,-0.0343130752,2.24867836e-05,30,1.19799995,2
206,718108400000362,79337328,2458547.8771945047,58547.373287,18.4891129,0.0395971388,0,zg,206.0254579,39.4715378,1.44599998,0.0949999988,20190305373264,718,0x8,0x4,21.25,26.194397,0.0343133472,-0.0208555702,3.34828437e-05,30,1.097,1
207,718108400000362,79337421,2458547.8781205267,58547.374213,18.528801,0.0406876951,0,zg,206.0254749,39.4715728,1.66799998,0.0790000036,20190305374201,718,0x8,0x4,21.2900009,26.1943607,0.032806389,-0.0207102466,3.04765035e-05,30,1.09500003,2
208,718108400000362,79339081,2458547.8947181567,58547.3908102,18.457777,0.0387627371,0,zg,206.0254296,39.4715762,1.12600005,0.0540000014,20190305390810,718,0x8,0x4,21.2900009,26.2030182,0.0302849319,-0.0234983582,2.6608308e-05,30,1.06099999,2
209,718108400000362,80238194,2458556.8860340724,58556.3819444,18.4211254,0.0378157683,0,zg,206.0253998,39.4716293,0.666999996,0.175999999,20190314381921,718,0x8,0x4,20.3899994,26.206604,0.0420447364,-0.0283419061,6.57654891e-05,30,1.03799999,2
210,718108400000362,80238284,2458556.886936886,58556.3828472,18.4005775,0.0372982584,0,zg,206.0254476,39.4716014,0.760999978,0.0379999988,20190314382847,718,0x8,0x4,20.5799999,26.2099037,0.0417445339,-0.0172738731,5.85882735e-05,30,1.03600001,1
211,718108400000362,80245783,2458556.961926406,58556.4578356,18.4615669,0.0388624109,0,zg,206.0254065,39.471579,0.963,0.0130000003,20190314457836,718,0x8,0x4,20.8899994,26.2074947,0.0368135087,-0.0177876763,4.27457562e-05,30,1.01800001,2
212,718108400000362,80246123,2458556.9653292517,58556.4612384,18.4421349,0.0383547992,0,zg,206.0255052,39.4715854,0.751999974,0.0209999997,20190314461227,718,0x8,0x4,21.2000008,26.2119179,0.0336461812,-0.0297839791,3.35326949e-05,30,1.01999998,2
213,718108400000362,80331784,2458557.8219503183,58557.3178472,18.3824501,0.0368495621,0,zg,206.0254049,39.4715748,0.985000014,-0.00400000019,20190315317836,718,0x8,0x4,20.3099995,26.2011242,0.044400122,-0.0350824632,7.72737912e-05,30,1.17900002,2
214,718108400000362,80344405,2458557.948155779,58557.4440509,18.5363503,0.0408994928,0,zg,206.0255218,39.4715783,0.764999986,-0.0109999999,20190315443681,718,0x8,0x4,21.0200005,26.2145481,0.0366828367,-0.0521036014,4.01560901e-05,30,1.01100004,2
215,718108400000362,80440663,2458558.9107494126,58558.4066319,18.554842,0.0414242409,0,zg,206.0254968,39.4715375,0.741999984,0.0250000004,20190316406574,718,0x8,0x4,21.1599998,26.2665768,0.0344999731,-0.107673347,3.50698429e-05,30,1.01199996,2
216,718108400000362,80442605,2458558.930170957,58558.4260532,18.4401665,0.0383038744,0,zg,206.0254815,39.4715286,0.689999998,0.00499999989,20190316426053,718,0x8,0x4,21.1299992,26.2741146,0.0355273783,-0.120479599,3.69476002e-05,30,1.00800002,2
217,718108400000362,80534887,2458559.8530061,58559.3488773,18.4342155,0.0381504372,32768,zg,206.0254754,39.4715685,0.64200002,-0.0160000008,20190317348866,718,0x8,0x4,20.3899994,26.2569466,0.043083977,-0.12793,7.02987963e-05,30,1.079,2
218,718108400000362,80535918,2458559.863318722,58559.3591898,18.4683685,0.0390421823,0,zg,206.0254898,39.4715323,0.995999992,0.023,20190317359178,718,0x8,0x4,20.5200005,26.257534,0.0412635058,-0.12505056,6.28877897e-05,30,1.05900002,1
219,718108400000362,80623736,2458560.741499519,58560.2373611,18.4092159,0.0375146829,0,zg,206.0254247,39.4715869,0.925999999,0.0149999997,20190318237361,718,0x8,0x4,20.1100006,26.1781139,0.0410019085,-0.108067527,8.13960796e-05,30,1.61000001,2
220,718108400000362,80625651,2458560.7606548406,58560.2565162,18.54249,0.0410727672,0,zg,206.0253896,39.4714808,0.808000028,0.0729999989,20190318256505,718,0x8,0x4,19.7999992,26.2246876,0.0440071709,-0.122469075,0.000135539376,30,1.45200002,2
221,718108400000362,80628437,2458560.788513944,58560.284375,18.492178,0.0396800004,0,zg,206.0254937,39.4715396,0.864000022,-0.057,20190318284352,718,0x8,0x4,20.4400005,26.2381306,0.0353236236,-0.0962904245,4.85643068e-05,30,1.28499997,2
222,718108400000362,80727254,2458561.7766948645,58561.2725463,18.2438927,0.0336515494,0,zg,206.0250942,39.4717526,0.524999976,0.610000014,20190319272523,718,0x8,0x4,18.3799992,26.1791077,0.046929419,-0.118783809,0.00111089589,30,1.33299994,2
223,718108400000362,80729585,2458561.800005289,58561.2958565,18.3803482,0.0367980078,32768,zg,206.0255325,39.4715526,1.11300004,0.0,20190319295845,718,0x8,0x4,19.6100006,26.2256699,0.0441835858,-0.129837275,0.000137509967,30,1.22099996,2
224,718108400000362,80732251,2458561.8266606387,58561.3225116,18.4995518,0.0398802906,0,zg,206.0255455,39.4717024,0.921999991,0.0240000002,20190319322488,718,0x8,0x4,19.3899994,26.2147598,0.0436493419,-0.107059754,0.000163020595,30,1.13,2
225,718108400000362,80831834,2458562.8225024138,58562.3183449,18.4482498,0.0385136008,32768,zg,206.0253937,39.4716738,0.565999985,0.0450000018,20190320318299,718,0x8,0x4,18.8600006,26.0438747,0.0420748219,-0.139083624,0.000267762924,30,1.13399994,2
226,718108400000362,80831927,2458562.8234283137,58562.3192708,18.1712608,0.032129392,32768,zg,206.0257007,39.4716179,0.736000001,0.0729999989,20190320319248,718,0x8,0x4,18.7700005,26.0301189,0.0409746543,-0.144153908,0.000311565207,30,1.13100004,1
227,718108400000362,81327723,2458567.7814159375,58567.2772338,18.4972553,0.0398177952,0,zg,206.0254892,39.4715541,0.842999995,0.108999997,20190325277199,718,0x8,0x4,21.3600006,26.141161,0.0298486259,-0.0620578863,2.61803598e-05,30,1.23099995,1
228,718108400000362,81327813,2458567.78231874,58567.2781366,18.4739704,0.0391910411,0,zg,206.0254975,39.4715537,1.40999997,0.165999994,20190325278137,718,0x8,0x4,21.4699993,26.1267338,0.0283384174,-0.0488964543,2.30479145e-05,30,1.227,2
229,718108400000362,81329697,2458567.8011613903,58567.2969792,18.4972878,0.0398186632,0,zg,206.0254636,39.4715521,0.771000028,0.0689999983,20190325296956,718,0x8,0x4,21.1399994,26.1452637,0.0311040059,-0.0385678448,2.79327141e-05,30,1.15699995,2
230,718108400000362,81340396,2458567.9081523214,58567.4039699,18.3689041,0.036518991,32768,zg,206.0254919,39.4715643,0.691999972,0.0450000018,20190325403947,718,0x8,0x4,20.6000004,26.1451378,0.0364961065,0.00021037944,4.55247282e-05,30,1.00800002,2
231,718108400000362,81421674,2458568.720931163,58568.2167477,18.4258537,0.0379362255,32768,zg,206.0254589,39.4715535,1.24699998,0.0469999984,20190326216748,718,0x8,0x4,21.1399994,26.05023,0.0385864973,-0.140205234,4.49003746e-05,30,1.59800005,2
232,718108400000362,81423525,2458568.739438095,58568.2352546,18.550972,0.0413136967,0,zg,206.0254644,39.4715507,0.60799998,0.00499999989,20190326235231,718,0x8,0x4,21.2299995,26.0883007,0.0348601826,-0.114947937,3.61772181e-05,30,1.44799995,2
233,718108400000362,81426259,2458568.76677614,58568.2625926,18.5128822,0.0402456783,32768,zg,206.0254685,39.4715479,0.961000025,0.00100000005,20190326262593,718,0x8,0x4,21.3799992,26.1700115,0.0320548788,-0.140379146,3.00843531e-05,30,1.28499997,2
234,718108400000362,81833130,2458572.8354850286,58572.3313079,18.4846039,0.0394756533,0,zg,206.0255173,39.4715327,0.95599997,0.0610000007,20190330331285,718,0x8,0x4,21.3899994,25.7875042,0.0368544757,-0.0886406898,3.90885034e-05,30,1.04700005,2
235,718108400000362,81834196,2458572.8461446883,58572.3419676,18.4891853,0.039599102,0,zg,206.0255004,39.4715448,0.61500001,0.0430000015,20190330341910,718,0x8,0x4,21.2199993,25.7182026,0.0349973626,-0.0530907884,3.65867272e-05,30,1.03299999,2
236,718108400000362,81834287,2458572.8470474835,58572.3428704,18.5158577,0.0403278247,0,zg,206.0254865,39.4715676,0.768000007,0.0710000023,20190330342870,718,0x8,0x4,21.2600002,25.740015,0.0350270681,-0.0691449717,3.67693501e-05,30,1.03199995,1
237,718108400000362,81839177,2458572.89594769,58572.3917708,18.475071,0.0392203666,0,zg,206.025499,39.4715296,1.14199996,0.103,20190330391771,718,0x8,0x4,21.7000008,25.963028,0.0350396633,-0.0700090528,3.48228277e-05,30,1.00800002,2
238,718108400000362,81931193,2458573.8161055134,58573.3119329,18.4694328,0.0390703827,0,zg,206.0254723,39.4715591,1.71500003,0.122000001,20190331311921,718,0x8,0x4,21.6200008,26.1264229,0.0310197454,-0.0599544346,2.75703806e-05,30,1.07599998,2
239,718108400000362,81933287,2458573.8370429124,58573.3328704,18.4534664,0.038649749,0,zg,206.0254821,39.4715473,0.938000023,-0.0209999997,20190331332859,718,0x8,0x4,21.5599995,26.1783142,0.0309526566,-0.0724228099,2.71146655e-05,30,1.04100001,2
240,718108400000362,81937224,2458573.8764177123,58573.3722454,18.4369068,0.0382197388,0,zg,206.0254918,39.4715374,0.971000016,-0.0149999997,20190331372245,718,0x8,0x4,21.1499996,26.1607056,0.0346544795,-0.0565774553,3.53490323e-05,30,1.00899994,2
241,718108400000362,82034982,2458574.853993004,58574.3498264,18.4790611,0.0393269509,32768,zg,206.0254926,39.471557,0.449999988,-0.00499999989,20190401349826,718,0x8,0x4,21.1200008,25.3744488,0.0318770781,-0.0616400801,3.27440575e-05,30,1.01999998,2
242,718108400000362,82036842,2458574.8725923877,58574.3684259,18.4664364,0.0389910005,0,zg,206.0255115,39.4715349,0.708999991,0.0799999982,20190401368426,718,0x8,0x4,21.8700008,26.0770588,0.0282691997,-0.0566656031,2.24977739e-05,30,1.00999999,2
243,718108400000362,82039042,2458574.8945945418,58574.3904282,18.4573822,0.038752377,0,zg,206.0255064,39.4715735,1.20599997,0.153999999,20190401390428,718,0x8,0x4,21.9500008,26.113348,0.0264081936,-0.0646746978,1.96517267e-05,30,1.00899994,2
244,718108400000362,82128915,2458575.793315134,58575.2891551,18.5254364,0.0405937694,0,zg,206.0255003,39.4715438,0.959999979,0.104999997,20190402289144,718,0x8,0x4,21.9599991,26.1495399,0.0313140005,-0.0955050513,2.80342774e-05,30,1.11600006,2
245,718108400000362,82129966,2458575.80382436,58575.2996644,18.4410629,0.0383270569,0,zg,206.0255039,39.4715455,1.09000003,0.125,20190402299618,718,0x8,0x4,22.1499996,26.1877785,0.0247374177,-0.0784396678,1.72445525e-05,30,1.09099996,2
246,718108400000362,82133135,2458575.8355139312,58575.3313542,18.4071522,0.037462838,0,zg,206.025501,39.4715346,1.18799996,0.0890000015,20190402331343,718,0x8,0x4,22.1900005,26.1847324,0.0285611115,-0.0625401363,2.31868744e-05,30,1.03600001,2
247,718108400000362,82133229,2458575.836451423,58575.3322917,18.451046,0.0385864861,0,zg,206.0254799,39.4715556,0.963,0.0799999982,20190402332268,718,0x8,0x4,22.2600002,26.2149296,0.0320051797,-0.0696639568,2.93738685e-05,30,1.03499997,1
248,718108400000362,82630395,2458580.8080657045,58580.3039583,18.4321823,0.03809819,0,zg,206.0254688,39.471574,0.907999992,0.0460000001,20190407303947,718,0x8,0x4,21.4699993,26.2214432,0.0290775914,-0.0676383451,2.42321512e-05,30,1.05599999,2
249,718108400000362,82630488,2458580.8089916934,58580.3048843,18.5017052,0.0399390124,0,zg,206.0255003,39.4715491,0.416999996,0.00200000009,20190407304873,718,0x8,0x4,21.5499992,26.2284489,0.0279733222,-0.0761465877,2.21519804e-05,30,1.05400002,1
250,718108400000362,82640394,2458580.908052856,58580.4039468,18.5098286,0.0401616134,0,zg,206.0254826,39.4715625,0.925000012,0.063000001,20190407403900,718,0x8,0x4,21.5100002,26.1475639,0.0294480529,-0.0750252306,2.49751392e-05,30,1.028,2
251,718108400000362,82641917,2458580.9232840454,58580.4191782,18.4953899,0.0397670977,0,zg,206.0254857,39.4715386,0.926999986,0.0719999969,20190407419144,718,0x8,0x4,21.3199997,25.9659786,0.0348904058,-0.0928360075,3.51189774e-05,30,1.04700005,2
252,718108400000362,82730704,2458581.8111419366,58581.3070486,18.5030098,0.0399746746,0,zg,206.0254965,39.4715639,1.28199995,0.135000005,20190408307002,718,0x8,0x4,21.9500008,26.1626701,0.0274211802,-0.0703933239,2.12974701e-05,30,1.04700005,2
253,718108400000362,82732252,2458581.826616216,58581.3225231,18.4864597,0.0395256095,0,zg,206.0254907,39.4715372,0.980000019,0.109999999,20190408322512,718,0x8,0x4,21.8600006,26.1280422,0.0265885573,-0.0561063886,1.98912348e-05,30,1.02699995,2
254,718108400000362,82831447,2458582.81855724,58582.3144792,18.396328,0.0371924452,0,zg,206.0254305,39.4714743,0.70599997,0.0759999976,20190409314062,718,0x8,0x4,20.7999992,25.8952904,0.0367996544,-0.0139264921,4.70647137e-05,30,1.03299999,2
255,718108400000362,82834187,2458582.8459526035,58582.341875,18.5026093,0.0399637297,0,zg,206.0254874,39.4715695,1.30400002,0.178000003,20190409341875,718,0x8,0x4,22.1100006,26.204092,0.0315994509,-0.0601429939,2.86110135e-05,30,1.01100004,2
256,718108400000362,82836929,2458582.873371169,58582.369294,18.6257572,0.0435171761,32768,zg,206.025523,39.4715534,0.680000007,0.0560000017,20190409369294,718,0x8,0x4,20.7099991,25.0911121,0.0467218347,-0.0410887524,7.87449026e-05,30,1.00899994,2
257,718108400000362,82936094,2458583.8650099966,58583.3609491,18.4008694,0.0373055525,0,zg,206.0254575,39.4715666,1.21200001,0.0140000004,20190410360949,718,0x8,0x4,21.0300007,26.0894337,0.0342286117,-0.0499550439,3.52561947e-05,30,1.00800002,2
258,718108400000362,82939282,2458583.896884449,58583.3928241,18.5231552,0.0405302271,0,zg,206.0254643,39.4715649,1.22899997,0.0179999992,20190410392812,718,0x8,0x4,21.1200008,26.1295261,0.034288086,-0.0901989937,3.55202246e-05,30,1.02499998,2
259,718108400000362,82939372,2458583.8977872343,58583.3937269,18.4734783,0.0391779244,0,zg,206.0255395,39.471542,0.98299998,0.00499999989,20190410393727,718,0x8,0x4,21.1700001,26.1304741,0.0350066982,-0.0925817862,3.59711339e-05,30,1.02600002,1
260,718108400000362,83025026,2458584.7543115187,58584.2502662,18.4417801,0.0383456312,0,zg,206.0254921,39.4715515,0.950999975,-0.0320000015,20190411250255,718,0x8,0x4,21.3199997,26.1704197,0.0294921845,-0.08502049,2.4701314e-05,30,1.15799999,2
261,718108400000362,83025728,2458584.7613252965,58584.2572801,18.4315605,0.0380822495,0,zg,206.0254976,39.4715431,1.17799997,-0.0120000001,20190411257257,718,0x8,0x4,21.2999992,26.1692505,0.0315811895,-0.0795832053,2.83731442e-05,30,1.13699996,2
262,718108400000362,83027805,2458584.782100431,58584.2780556,18.4393883,0.0382837579,0,zg,206.0255095,39.4715512,1.40999997,0.057,20190411278044,718,0x8,0x4,21.2999992,26.1830139,0.0300985146,-0.0802212879,2.60257166e-05,30,1.08399999,2
263,718108400000362,83125618,2458585.760207246,58585.2561806,18.4764996,0.0392584726,0,zg,206.0255123,39.471548,1.03999996,0.0579999983,20190412256146,718,0x8,0x4,21.6299992,26.1837673,0.0278981552,-0.0806709304,2.19942067e-05,30,1.13199997,2
264,718108400000362,83129133,2458585.795356987,58585.291331,18.477869,0.0392950699,0,zg,206.0254969,39.4715516,0.85799998,0.061999999,20190412291319,718,0x8,0x4,21.6800003,26.2031822,0.0289681517,-0.07291051,2.35537882e-05,30,1.05400002,2
265,718108400000362,83226122,2458586.765233746,58586.2612269,18.4204731,0.0377992056,0,zg,206.025487,39.4715422,0.790000021,0.0309999995,20190413261157,718,0x8,0x4,21.3299999,26.1954575,0.0338020287,-0.095777981,3.31468364e-05,30,1.11099994,2
266,718108400000362,83240291,2458586.9069206654,58586.4029167,18.5195637,0.0404304527,0,zg,206.0255007,39.4715802,1.12,0.00400000019,20190413402894,718,0x8,0x4,21.5400009,26.2152557,0.0336633287,-0.102958016,3.24162938e-05,30,1.04799998,2
267,718108400000362,83240384,2458586.907846548,58586.4038426,18.4654465,0.0389648005,0,zg,206.0254819,39.471557,0.611000001,0.0710000023,20190413403831,718,0x8,0x4,21.5599995,26.2027836,0.0360658914,-0.0826431215,3.71050482e-05,30,1.04900002,1
268,718108400000362,83323623,2458587.7402249374,58587.2362384,18.5069523,0.0400826149,0,zg,206.0255178,39.4715384,1.41700006,-0.0390000008,20190414236227,718,0x8,0x4,20.8700008,26.1572437,0.0364217535,-0.0752099976,4.34247158e-05,30,1.17799997,2
269,718108400000362,83331537,2458587.8193552727,58587.3153704,18.4505424,0.0385733582,0,zg,206.0254949,39.4715407,0.751999974,0.123000003,20190414315347,718,0x8,0x4,21.1299992,26.1927242,0.0333382748,-0.0657752007,3.30735566e-05,30,1.01900005,2
270,718108400000362,83337194,2458587.8759280546,58587.3719444,18.4434032,0.0383876674,0,zg,206.0255108,39.4715497,0.986999989,0.108999997,20190414371944,718,0x8,0x4,20.6399994,25.8131866,0.0438344218,-0.0565216653,6.69597503e-05,30,1.01699996,2
271,718108400000362,83428457,2458588.788535357,58588.2845718,18.547554,0.0412163958,32768,zg,206.0255181,39.4715363,0.779999971,0.0729999989,20190415284560,718,0x8,0x4,20.0200005,25.5383396,0.052818533,-0.0527615026,0.000145126352,30,1.05200005,2
272,718108400000362,83430868,2458588.8126436155,58588.3086806,18.6279469,0.0435838923,32768,zg,206.0255138,39.4715897,0.610000014,0.0689999983,20190415308623,718,0x8,0x4,19.9300003,25.5354671,0.0587316789,-0.0171267726,0.000196885128,30,1.02199996,2
273,718108400000362,83432902,2458588.832990364,58588.3290278,18.3841591,0.0368915685,32768,zg,206.0255307,39.4715195,0.753000021,0.0839999989,20190415329028,718,0x8,0x4,19.0900002,24.8409996,0.0504537523,-0.04190116,0.000350280316,30,1.00999999,2
274,718108400000362,83536520,2458589.8691468667,58589.3652083,18.4010296,0.0373095684,32768,zg,206.0257782,39.4716707,0.444000006,0.186000004,20190416365197,718,0x8,0x4,18.75,24.9429302,0.0561251156,-0.120064639,0.000581740227,30,1.01600003,1
275,718108400000362,83541532,2458589.919261471,58589.4153241,18.4433689,0.0383867659,0,zg,206.0254879,39.4715207,0.456,-0.00100000005,20190416415301,718,0x8,0x4,19.9599991,25.7844048,0.040023651,-0.0563110337,9.08235088e-05,30,1.08500004,2
276,718108400000362,83721351,2458591.7174113523,58591.2135185,18.4033756,0.0373682007,0,zg,206.0254854,39.4715605,0.229000002,0.0320000015,20190418213507,718,0x8,0x4,20.2000008,26.176178,0.0372556597,-0.0620342605,6.30143841e-05,30,1.22300005,2
277,718108400000362,83724934,2458591.753232251,58591.2493403,18.3548813,0.036180988,0,zg,206.0255147,39.471551,0.888999999,-0.0680000037,20190418249329,718,0x8,0x4,20.2600002,26.1924801,0.0424600206,-0.0733637139,7.46442383e-05,30,1.10599995,2
278,718108400000362,83726944,2458591.773335843,58591.2694444,18.3867855,0.0369562246,0,zg,206.0254938,39.4715251,0.600000024,0.0500000007,20190418269398,718,0x8,0x4,20.1599998,26.1368027,0.0433435328,-0.0320393667,8.44164897e-05,30,1.06400001,2
279,718108400000362,83842412,2458592.92798133,58592.4241204,18.4129372,0.0376084037,0,zg,206.0255006,39.4715574,0.182999998,-0.0199999996,20190419424120,718,0x8,0x4,19.9799995,26.1987362,0.0496702008,-0.0374755561,0.000121549325,30,1.12699997,1
280,718108400000362,84023812,2458594.741935171,58594.238125,18.4654541,0.0389650203,0,zg,206.0254472,39.4715326,0.298000008,-0.0439999998,20190421238113,718,0x8,0x4,20.3600006,26.2127991,0.0370376557,-0.066514343,5.3815922e-05,30,1.11399996,2
281,718108400000362,84025464,2458594.7584508955,58594.2546412,18.4107475,0.0375532322,0,zg,206.0255301,39.47159,0.723999977,0.0909999982,20190421254630,718,0x8,0x4,20.5300007,26.1997166,0.0383012667,-0.0397495478,5.44892027e-05,30,1.07599998,2
282,718108400000362,84028811,2458594.791922141,58594.2881134,18.5250664,0.0405834354,0,zg,206.0254709,39.4715154,0.425999999,0.0189999994,20190421288113,718,0x8,0x4,20.2299995,26.1959076,0.0431196503,-0.0397091396,7.61557385e-05,30,1.02600002,2
283,718108400000362,84219350,2458596.6972584287,58596.1935069,18.4793377,0.0393343531,0,zg,206.0254706,39.4715323,1.18499994,0.0329999998,20190423193495,718,0x8,0x4,21.3999996,26.187624,0.0289434232,-0.0881556496,2.4322193e-05,30,1.25,2
284,718108400000362,84221439,2458596.7181489924,58596.2143981,18.4799995,0.0393520631,0,zg,206.0254868,39.471558,1.03499997,0.0120000001,20190423214398,718,0x8,0x4,21.5300007,26.1932354,0.0310231969,-0.0810607895,2.74252616e-05,30,1.16900003,2
285,718108400000362,84223475,2458596.7385071698,58596.2347569,18.4574966,0.0387553759,0,zg,206.02546,39.4715741,0.866999984,0.0430000015,20190423234722,718,0x8,0x4,21.5499992,26.2077312,0.0319677591,-0.0917387605,2.98902905e-05,30,1.10899997,1
286,718108400000362,84223569,2458596.7394446423,58596.2356944,18.4751244,0.0392217971,0,zg,206.0254709,39.4715578,1.32799995,0.0810000002,20190423235671,718,0x8,0x4,21.5599995,26.2135067,0.0303175747,-0.0949071795,2.65519084e-05,30,1.10599995,2
287,718108400000362,84328687,2458597.790592055,58597.286875,18.4169044,0.0377086811,0,zg,206.0254695,39.471526,1.03799999,0.0520000011,20190424286863,718,0x8,0x4,21.5,26.1862736,0.028701568,-0.0567661598,2.33486044e-05,30,1.01999998,2
288,718108400000362,84330593,2458597.8096539406,58597.3059375,18.5057945,0.0400508866,0,zg,206.0254981,39.4715614,0.805999994,0.0469999984,20190424305938,718,0x8,0x4,21.2600002,26.1979465,0.0324172266,-0.0598886125,2.98195209e-05,30,1.00999999,2
289,718108400000362,84424509,2458598.7487783805,58598.2450926,18.4023056,0.0373414308,0,zg,206.025479,39.4715575,1.10599995,0.122000001,20190425245069,718,0x8,0x4,22.1599998,26.1690578,0.0315409712,-0.0701833069,2.8161614e-05,30,1.07299995,2
290,718108400000362,84425863,2458598.7623196365,58598.2586343,18.4371834,0.038226869,0,zg,206.0254931,39.4715549,0.991999984,0.105999999,20190425258611,718,0x8,0x4,22.2099991,26.1905403,0.0280607007,-0.0854208395,2.23980587e-05,30,1.04999995,2
291,718108400000362,84427868,2458598.7823652774,58598.2786806,18.4415379,0.0383393355,0,zg,206.0254944,39.4715402,1.46899998,0.105999999,20190425278657,718,0x8,0x4,22.2199993,26.1879292,0.0267240591,-0.0727819204,2.00339455e-05,30,1.02499998,2
292,718108400000362,84443144,2458598.9351263554,58598.4314468,18.4443741,0.038412869,0,zg,206.0254955,39.4715557,0.781000018,0.0700000003,20190425431343,718,0x8,0x4,21.3999996,26.1632938,0.0363932736,-0.0823280513,3.83583356e-05,30,1.20500004,2
293,718108400000362,84443188,2458598.9355661413,58598.4318866,18.4342327,0.0381508693,0,zg,206.0255339,39.4715531,1.29700005,0.0879999995,20190425431887,718,0x8,0x4,21.4200001,26.1670876,0.0304263048,-0.0892622396,2.71347835e-05,30,1.20700002,2
294,718108400000362,84522241,2458599.726419142,58599.222419,18.4571266,0.0387456492,0,zg,206.0255212,39.4715557,1.38399994,0.214000002,20190426222315,718,0x8,0x4,22.4300003,27.3106308,0.0361742787,-0.0607095696,3.69049849e-05,90,1.12,2
295,718108400000362,84621726,2458600.720886982,58600.2172685,18.4625816,0.0388891585,0,zg,206.0254977,39.47157,0.588,0.057,20190427217257,718,0x8,0x4,21.7299995,26.1876011,0.0291867908,-0.0747030228,2.42807546e-05,30,1.12600005,2
296,718108400000362,84623908,2458600.7427033274,58600.2390856,18.4274788,0.0379777253,0,zg,206.0255089,39.4715464,0.859000027,0.0970000029,20190427239062,718,0x8,0x4,21.75,26.1916199,0.0284324158,-0.0636453629,2.28525187e-05,30,1.07500005,1
297,718108400000362,84624001,2458600.743629293,58600.2400116,18.4860802,0.0395153649,0,zg,206.0254969,39.4715666,0.674000025,0.0260000005,20190427240000,718,0x8,0x4,21.8199997,26.1935863,0.0281743314,-0.0684900805,2.25193326e-05,30,1.07299995,2
298,718108400000362,85238351,2458606.8869017856,58606.3835185,18.4542732,0.0386708751,0,zg,206.0255037,39.4715348,0.388999999,0.0439999998,20190503383495,718,0x8,0x4,21.7399998,26.1548748,0.0303445607,-0.0760288686,2.69522843e-05,30,1.12,2
299,718108400000362,85238445,2458606.8878392456,58606.384456,18.4179688,0.0377356522,0,zg,206.0255114,39.471552,0.547999978,0.0109999999,20190503384433,718,0x8,0x4,21.9699993,26.1433372,0.0251069088,-0.0826806352,1.80341667e-05,30,1.12300003,1
300,718108400000362,85243322,2458606.9366104053,58606.4332292,18.42486,0.03791086,0,zg,206.0255123,39.4715537,1.41499996,0.050999999,20190503433218,718,0x8,0x4,21.8799992,26.0915031,0.0279860869,-0.0642656237,2.27778801e-05,30,1.31299996,2
301,718108400000362,85245030,2458606.953681388,58606.4503009,18.4000683,0.0372855589,0,zg,206.0254919,39.4715553,0.873000026,0.0710000023,20190503450289,718,0x8,0x4,21.75,26.0947495,0.0308978055,-0.0836868212,2.78175612e-05,30,1.41499996,2
302,718108400000362,85330597,2458607.809317208,58607.3059722,18.4218502,0.037834201,0,zg,206.0255017,39.4715425,1.07500005,0.127000004,20190504305914,718,0x8,0x4,22.1000004,26.1571465,0.0250856299,-0.0612324029,1.84902674e-05,30,1.01100004,2
303,718108400000362,85340300,2458607.906350189,58607.4030093,18.442255,0.0383579135,0,zg,206.0255084,39.4715577,0.508000016,0.0270000007,20190504402986,718,0x8,0x4,21.7999992,26.1618958,0.0295135006,-0.0955782756,2.53921135e-05,30,1.19099998,2
304,718108400000362,85428771,2458608.791023279,58608.2877199,18.4035683,0.0373729989,16,zg,206.0255171,39.4715653,0.934000015,0.0719999969,20190505287662,718,0x8,0x4,21.4500008,26.1279888,0.0295829102,-0.0426745266,2.52992577e-05,30,1.00800002,2
305,718108400000362,85430870,2458608.8120061774,58608.3087037,18.4226379,0.0378542431,0,zg,206.0254932,39.4715532,0.908999979,0.0460000001,20190505308704,718,0x8,0x4,21.7099991,26.1731968,0.0292583406,-0.098207809,2.45840165e-05,30,1.01300001,2
306,718108400000362,85827072,2458612.773854855,58612.2707292,18.4242516,0.0378953554,0,zg,206.0255097,39.4715476,0.648999989,0.0450000018,20190509270718,718,0x8,0x4,22.1700001,26.1497784,0.027208671,-0.0614015423,2.1431797e-05,30,1.00800002,2
307,718108400000362,85828684,2458612.789965206,58612.2868403,18.4441051,0.0384058766,0,zg,206.0255027,39.4715569,1.21099997,0.160999998,20190509286840,718,0x8,0x4,22.25,26.1638432,0.0293921139,-0.0760459825,2.48228916e-05,30,1.00899994,1
308,718108400000362,85828774,2458612.790867963,58612.2877431,18.4665413,0.0389937796,0,zg,206.0254875,39.4715661,1.18099999,0.119000003,20190509287743,718,0x8,0x4,22.2800007,26.1554241,0.0279222224,-0.0703525692,2.24242322e-05,30,1.00899994,2
309,718108400000362,85831232,2458612.81545012,58612.3123264,18.4717064,0.0391307957,0,zg,206.0255133,39.4715562,0.989000022,0.0989999995,20190509312326,718,0x8,0x4,22.3400002,26.1576271,0.0283138752,-0.0663481355,2.32538823e-05,30,1.02400005,2
310,718108400000362,86223863,2458616.7415695223,58616.2386343,18.4606209,0.038837485,0,zg,206.025526,39.4715592,0.550999999,0.0209999997,20190513238611,718,0x8,0x4,20.9799995,26.1041965,0.0343306921,-0.0218691174,3.65294763e-05,30,1.01699996,2
311,718108400000362,86225939,2458616.7623322927,58616.2593981,18.4246082,0.0379044451,0,zg,206.0254882,39.4715538,0.75999999,0.0329999998,20190513259398,718,0x8,0x4,21.0599995,26.1229019,0.032493297,-0.0365478881,3.25399487e-05,30,1.00800002,1
312,718108400000362,86226030,2458616.7632350475,58616.2603009,18.3721313,0.0365973748,0,zg,206.0254928,39.4715595,1.046,0.123999998,20190513260301,718,0x8,0x4,21.0300007,26.1250935,0.0356597789,-0.0505728796,3.89384841e-05,30,1.00800002,2
313,718108400000362,86317266,2458617.675550543,58617.172662,18.4679756,0.0390317589,0,zg,206.0255308,39.4715457,0.995999992,0.101999998,20190514172384,718,0x8,0x4,20.8500004,26.1907291,0.0393213294,-0.0748647079,5.09180245e-05,30,1.12100005,2
314,718108400000362,86320108,2458617.703975124,58617.201088,18.3846893,0.0369045809,0,zg,206.0255102,39.471539,0.453999996,0.0460000001,20190514201065,718,0x8,0x4,21.0100002,26.1768932,0.0340167843,-0.0606568009,3.74881165e-05,30,1.05900002,2
315,718108400000362,86338359,2458617.886477381,58617.3835995,18.5226631,0.0405165255,0,zg,206.0255261,39.4715451,0.926999986,0.0320000015,20190514383565,718,0x8,0x4,20.8400002,26.1088963,0.0343933217,-0.0676280335,4.03748563e-05,30,1.22099996,2
316,718108400000362,86524954,2458619.7523310184,58619.2495486,18.3947945,0.0371543244,0,zg,206.0255123,39.4715039,0.797999978,0.0549999997,20190516249491,718,0x8,0x4,19.9099998,26.0618248,0.0423598364,-0.028574964,0.000102379192,30,1.00899994,2
317,718108400000362,86525740,2458619.7601894047,58619.2574074,18.4262905,0.0379473642,0,zg,206.0254876,39.4715589,0.769999981,0.123999998,20190516257407,718,0x8,0x4,20.0599995,26.0145645,0.0376955345,-0.0376787148,7.49575047e-05,30,1.00800002,2
318,718108400000362,86525832,2458619.7611037567,58619.2583218,18.2551727,0.0338971354,0,zg,206.0255014,39.4715716,0.670000017,0.00800000038,20190516258322,718,0x8,0x4,19.6499996,25.9073505,0.0403439961,-0.0300267562,0.000109359811,30,1.00800002,1
319,718108400000362,86817421,2458622.6768405414,58622.174213,18.417923,0.0377345048,0,zg,206.025487,39.4715844,0.542999983,-0.0280000009,20190519174201,718,0x8,0x4,20.1100006,26.122963,0.0386172347,-0.050674513,7.01399331e-05,30,1.08399999,2
320,718108400000362,87422186,2458628.7241522423,58628.2218634,18.4400024,0.0382996239,0,zg,206.0255066,39.4715548,1.03600001,0.101000004,20190525221863,718,0x8,0x4,21.8400002,26.1111851,0.0286824238,-0.0584548898,2.33103437e-05,30,1.00899994,2
321,718108400000362,88122950,2458635.7313711857,58635.2295023,18.416153,0.0376896709,0,zg,206.0255044,39.4715568,1.16700006,0.0989999995,20190601229468,718,0x8,0x4,22.2900009,26.1685257,0.0242866259,-0.0706062093,1.72549662e-05,30,1.01100004,1
322,718108400000362,88223657,2458636.738380525,58636.2365741,18.4837284,0.0394520983,0,zg,206.025509,39.4715522,1.19799995,0.0680000037,20190602236574,718,0x8,0x4,21.9799995,26.177433,0.0274060816,-0.0763285384,2.14421616e-05,30,1.01600003,2
323,718108400000362,88226627,2458636.7680776655,58636.2662731,18.4773617,0.0392815247,0,zg,206.0254958,39.4715448,1.72099996,0.151999995,20190602266250,718,0x8,0x4,22.0900002,26.1639347,0.024941314,-0.0816978142,1.79612452e-05,30,1.04700005,2
324,718108400000362,88227819,2458636.779998216,58636.2781944,18.5187149,0.0404069163,0,zg,206.0254881,39.4715758,1.65100002,0.199000001,20190602278171,718,0x8,0x4,22.2099991,26.1657028,0.0314262025,-0.0721354857,2.86045452e-05,30,1.06700003,2
325,718108400000362,88418724,2458638.688929512,58638.1872454,18.4646435,0.0389435925,0,zg,206.0254958,39.4715518,0.903999984,0.0520000011,20190604187245,718,0x8,0x4,21.8700008,26.1312237,0.0282791089,-0.0470885858,2.32812017e-05,30,1.01199996,2
326,718108400000362,88419423,2458638.6959197694,58638.1942361,18.4183941,0.0377464369,0,zg,206.0254752,39.4715614,1.61699998,0.0780000016,20190604194236,718,0x8,0x4,21.8299999,26.1538048,0.0263718907,-0.0666525885,2.00051873e-05,30,1.00899994,2
327,718108400000362,88419515,2458638.696834115,58638.1951505,18.465456,0.0389650501,0,zg,206.0255113,39.471544,1.11300004,0.170000002,20190604195139,718,0x8,0x4,22.1000004,26.1521721,0.0269781072,-0.0644766241,2.10593171e-05,30,1.00899994,1
328,718108400000362,88432275,2458638.824430104,58638.3227546,18.4721375,0.0391422361,0,zg,206.0254959,39.4715722,0.89200002,0.023,20190604322731,718,0x8,0x4,21.5100002,26.0960445,0.0335873514,-0.0768432096,3.36129087e-05,30,1.20700002,2
329,718108400000362,88617870,2458640.680261255,58640.1787037,18.4944706,0.0397421569,0,zg,206.0254931,39.4715303,1.53900003,0.175999999,20190606178669,718,0x8,0x4,21.5599995,26.1144371,0.0306344479,-0.0465003029,2.72140551e-05,30,1.01400006,2
330,718108400000362,88620692,2458640.708477048,58640.2069213,18.4322433,0.038099777,0,zg,206.0254941,39.4715509,1.477,0.174999997,20190606206921,718,0x8,0x4,22.0200005,26.1400223,0.0262398887,-0.0614831783,2.0334237e-05,30,1.00800002,2
331,718108400000362,88632182,2458640.823377048,58640.3218287,18.4829559,0.0394313522,0,zg,206.0255236,39.4715402,1.44400001,0.130999997,20190606321794,718,0x8,0x4,21.8700008,26.1173897,0.0270791668,-0.0900822058,2.17634934e-05,30,1.22599995,2
332,718108400000362,88718545,2458641.686944376,58641.1854514,18.4765663,0.0392602533,0,zg,206.0255088,39.4715611,0.713999987,0.0810000002,20190607185394,718,0x8,0x4,22.0900002,26.1335354,0.0281721521,-0.0736947358,2.28421486e-05,30,1.00999999,2
333,718108400000362,88720747,2458641.70896846,58641.2074769,18.464941,0.0389514416,0,zg,206.0255219,39.4715389,0.533999979,0.023,20190607207477,718,0x8,0x4,21.8400002,25.93787,0.0280903969,-0.0823311806,2.33698447e-05,30,1.00899994,1
334,718108400000362,88722327,2458641.7247660407,58641.2232755,18.5590706,0.0415454321,0,zg,206.0255156,39.4715363,1.245,0.0270000007,20190607223183,718,0x8,0x4,21.6399994,25.8386021,0.034622021,-0.0759285763,3.4861725e-05,30,1.01600003,2
335,718108400000362,89020141,2458644.7027093577,58644.201412,18.5138855,0.0402733609,0,zg,206.025526,39.4715365,1.35500002,0.109999999,20190610201400,718,0x8,0x4,21.25,26.196106,0.0303869266,-0.0665292665,2.73069163e-05,30,1.00999999,1
336,718108400000362,89518510,2458649.686072355,58649.1851042,18.5198612,0.0404387116,0,zg,206.0254846,39.4715712,0.617999971,0.0109999999,20190615185104,718,0x8,0x4,20.1000004,26.1429901,0.0399635062,-0.0555548519,7.86909659e-05,30,1.00899994,2
337,718108400000362,89519401,2458649.6949837618,58649.1940162,18.4650841,0.0389552191,0,zg,206.0254779,39.4715277,0.944999993,0.0149999997,20190615193993,718,0x8,0x4,20.4899998,26.1428699,0.0385637693,-0.0428651571,5.74654441e-05,30,1.01199996,2
338,718108400000362,89534407,2458649.845031568,58649.3440741,18.4148598,0.0376569629,0,zg,206.0254984,39.471531,0.67900002,0.152999997,20190615344074,718,0x8,0x4,20.0499992,25.9959221,0.0388256758,-0.0388517864,7.36847069e-05,30,1.49600005,2
339,718108400000362,89620124,2458650.702150292,58650.20125,18.4524574,0.0386233479,0,zg,206.0255293,39.4715597,0.776000023,0.0869999975,20190616201250,718,0x8,0x4,20.7900009,26.1584568,0.0355642103,-0.0332703218,4.2605403e-05,30,1.01800001,2
340,718108400000362,89717903,2458651.679874195,58651.1790394,18.339674,0.0358192176,0,zg,206.0254881,39.4715563,0.949999988,0.0529999994,20190617178981,718,0x8,0x4,20.5,26.1376648,0.0459216163,-0.0242278818,8.22336078e-05,30,1.00899994,2
341,718108400000362,89719685,2458651.6976855,58651.1968519,18.485878,0.0395099409,0,zg,206.0255119,39.4715299,0.702000022,-0.00800000038,20190617196840,718,0x8,0x4,20.4400005,26.1358185,0.037292771,-0.0406055599,5.52540696e-05,30,1.01699996,2
342,718108400000362,89818708,2458652.687850385,58652.1870833,18.5204105,0.040453963,0,zg,206.0255148,39.4715463,1.07099998,0.0769999996,20190618187083,718,0x8,0x4,20.9799995,26.1657028,0.0322984383,-0.0534842722,3.30837429e-05,30,1.01300001,2
343,718108400000362,89819188,2458652.6926533603,58652.1918866,18.4984055,0.0398490615,0,zg,206.0255051,39.4715547,0.819000006,0.050999999,20190618191875,718,0x8,0x4,20.9400005,26.1505127,0.037613418,-0.0672839731,4.62546232e-05,30,1.01499999,2
344,718108400000362,89822950,2458652.730266517,58652.2295023,18.4738846,0.0391887538,0,zg,206.0255036,39.4715647,0.869000018,0.131999999,20190618229479,718,0x8,0x4,20.4699993,26.1229038,0.0380248874,-0.027599575,5.53408972e-05,30,1.05799997,2
345,718108400000362,89925923,2458653.7599309506,58653.2592361,18.4395275,0.0382873639,0,zg,206.0254906,39.4715548,0.88499999,-0.0209999997,20190619259225,718,0x8,0x4,20.7000008,26.1244965,0.0400756039,-0.0718609393,5.55573024e-05,30,1.13199997,2
346,718108400000362,89928049,2458653.781191105,58653.2804977,18.4765911,0.0392609276,0,zg,206.0255499,39.4715876,0.999000013,0.118000001,20190619280463,718,0x8,0x4,20.6499996,26.1089592,0.0349288061,-0.0704549924,4.37929484e-05,30,1.20200002,1
347,718108400000362,89929188,2458653.7925792285,58653.2918866,18.3589249,0.0362780206,0,zg,206.0255261,39.4715597,0.860000014,-0.0179999992,20190619291875,718,0x8,0x4,20.4599991,26.0856762,0.0392140299,-0.0648130029,6.16019897e-05,30,1.25,2
348,718108400000362,89929829,2458653.798990793,58653.2982986,18.4784851,0.0393115468,0,zg,206.0255369,39.4715331,0.975000024,0.0120000001,20190619298275,718,0x8,0x4,20.4400005,26.0900784,0.0395756513,-0.0565229096,5.98049191e-05,30,1.27999997,2
349,718108400000362,90024574,2458654.7463689726,58654.2457407,18.4685116,0.0390459746,0,zg,206.0255093,39.4715465,0.566999972,-0.00899999961,20190620245648,718,0x8,0x4,21.1700001,26.1613426,0.0358188599,-0.091011785,4.02179503e-05,30,1.10300004,2
350,718108400000362,90025935,2458654.759979245,58654.2593519,18.4257584,0.0379337892,0,zg,206.0255051,39.471541,1.18700004,0.0920000002,20190620259340,718,0x8,0x4,20.9899998,26.1293468,0.0347539037,-0.0578716658,3.94664785e-05,30,1.13999999,2
351,718108400000362,90028789,2458654.788518894,58654.2878935,18.5278587,0.040661376,0,zg,206.0255004,39.4715797,0.947000027,0.129999995,20190620287882,718,0x8,0x4,20.7600002,26.0952663,0.0337993056,-0.0404412225,3.88675544e-05,30,1.24399996,2
352,718108400000362,90319732,2458657.6977547724,58657.1973264,18.5130348,0.0402498841,0,zg,206.0255041,39.4715657,1.37100005,0.147,20190623197315,718,0x8,0x4,21.7800007,26.1437778,0.0282671936,-0.0661363974,2.34700547e-05,30,1.03199995,1
353,718108400000362,90422959,2458658.7299531563,58658.2295949,18.4356613,0.0381876491,0,zg,206.0255064,39.4715714,0.933000028,0.0450000018,20190624229572,718,0x8,0x4,22.1900005,26.1568604,0.026925832,-0.0803766698,2.13455733e-05,30,1.09099996,2
354,718108400000362,90618737,2458660.687597869,58660.1873727,18.5801506,0.0421563461,32768,zg,206.0255314,39.4715581,1.54700005,0.0710000023,20190626187338,718,0x8,0x4,21.0900002,25.492466,0.0592657179,-0.0254050232,0.000116301977,30,1.02999997,2
355,718108400000362,90921875,2458663.7187689496,58663.21875,18.6062546,0.0429286361,0,zg,206.0255382,39.4715508,0.583000004,0.107000001,20190629218727,718,0x8,0x4,21.8400002,26.1862144,0.0299890768,-0.0834792852,2.61596615e-05,30,1.097,1
356,718108400000362,91119715,2458665.6970373346,58665.1971528,18.502306,0.039955426,0,zg,206.0254876,39.471542,2.02600002,0.187999994,20190701197083,718,0x8,0x4,21.9899998,26.1901283,0.0305649973,-0.0604841784,2.69592601e-05,30,1.06400001,2
357,718108400000362,91122959,2458665.729477216,58665.2295949,18.4984283,0.0398497134,0,zg,206.0255067,39.4715574,0.806999981,-0.0120000001,20190701229583,718,0x8,0x4,21.8899994,26.1986732,0.028748922,-0.0878010541,2.42975511e-05,30,1.14100003,2
358,718108400000362,91222817,2458666.727985877,58666.2281713,18.4957008,0.0397755504,0,zg,206.0255025,39.4715656,1.06099999,0.112000003,20190702228160,718,0x8,0x4,21.9799995,26.1975975,0.0280901808,-0.0794437826,2.32381099e-05,30,1.14499998,2
359,718108400000362,91332385,2458667.8235944905,58667.3238542,18.532259,0.0407845415,0,zg,206.0255292,39.4715749,1.54900002,0.0189999994,20190703323854,718,0x8,0x4,21.1399994,26.0232525,0.0340151228,-0.0475709811,3.53126379e-05,30,1.77400005,1
360,718108400000362,91619472,2458670.6942689256,58670.1947222,18.4501152,0.0385622233,0,zg,206.025533,39.4715545,1.10099995,0.0179999992,20190706194699,718,0x8,0x4,21.2800007,26.1447639,0.0327017494,-0.0626388043,3.05927824e-05,30,1.08599997,1
361,718108400000362,91917811,2458673.67746048,58673.1781134,18.5354195,0.0408732966,0,zg,206.02551,39.4715473,0.996999979,0.0879999995,20190709178090,718,0x8,0x4,21.2700005,26.1957588,0.0338740237,-0.0632527247,3.35470904e-05,30,1.06900001,1
362,718108400000362,92229759,2458676.7967331223,58676.2975926,18.5543785,0.0414109789,0,zg,206.0255289,39.4715312,0.644999981,0.00600000005,20190712297593,718,0x8,0x4,20.3999996,26.00317,0.0376598686,-0.0394613594,5.76636303e-05,30,1.75399995,1
363,718108400000362,92517718,2458679.6761400662,58679.1771875,18.4767761,0.0392658561,0,zg,206.0255165,39.4715183,1.16999996,0.050999999,20190715177176,718,0x8,0x4,20.8199997,26.1984806,0.0439164452,-0.0738395229,6.72716997e-05,30,1.102,1
364,718108400000362,92817387,2458682.672637213,58682.1738773,18.4896984,0.0396129452,0,zg,206.0255602,39.4715624,0.476000011,-0.0270000007,20190718173866,718,0x8,0x4,21.0300007,26.2026005,0.0344443209,-0.0881975889,3.62387691e-05,30,1.11500001,1
365,718108400000362,93119364,2458685.6922151446,58685.1936458,18.4755001,0.0392318107,0,zg,206.0255078,39.4715401,1.421,0.0949999988,20190721193646,718,0x8,0x4,21.9599991,26.1543865,0.0330351032,-0.07440532,3.16384139e-05,30,1.204,1
366,718108400000362,93819315,2458692.6913038306,58692.1931597,18.5191593,0.0404192396,0,zg,206.0254935,39.4715399,1.20899999,0.128999993,20190728193160,718,0x8,0x4,21.5100002,26.0272903,0.0301552266,-0.0660235137,2.66747484e-05,30,1.28600001,1
367,718108400000362,94420047,2458698.698275759,58698.2004745,18.2746563,0.0343273394,32768,zg,206.0255724,39.4715273,0.714999974,0.0799999982,20190803200451,718,0x8,0x4,19.4200001,24.5011692,0.0665148795,-0.0436171331,0.000461214717,30,1.42400002,1
368,718108400000362,95415915,2458708.656443408,58708.1591551,18.4837341,0.0394522585,0,zg,206.0255275,39.4715272,0.50999999,0.023,20190813159155,718,0x8,0x4,20.7099991,26.0875854,0.0391074345,-0.0369466431,5.5339111e-05,30,1.33700001,1
369,718108400000362,96115739,2458715.654371408,58715.1573958,18.5117779,0.0402152576,0,zg,206.0255653,39.4715336,1.25899994,0.0879999995,20190820157373,718,0x8,0x4,21.3999996,26.1097965,0.034999162,-0.0900666714,3.70444068e-05,30,1.44700003,1
370,718108400000362,96416005,2458718.6569126975,58718.1600579,18.59548,0.0426077172,0,zg,206.0255458,39.4715549,0.745000005,0.061999999,20190823160046,718,0x8,0x4,21.2399998,26.0291519,0.0323476046,-0.0530866496,3.10706382e-05,30,1.53100002,1
371,718108400000362,96915807,2458723.6547514694,58723.1580787,18.4384918,0.0382606052,0,zg,206.0255166,39.4715536,0.615999997,-0.00700000022,20190828158079,718,0x8,0x4,20.7099991,25.9613037,0.043415796,-0.0357802436,6.62883613e-05,30,1.63600004,1
372,718108400000362,97215789,2458726.6544690044,58726.1578935,18.5811501,0.042185612,0,zg,206.025491,39.4715431,1.01699996,0.0930000022,20190831157894,718,0x8,0x4,20.8999996,25.9770145,0.0351337194,-0.0273539387,4.04289603e-05,30,1.71899998,1
373,718108400000362,97413109,2458728.627616152,58728.1310995,18.4492664,0.0385400951,0,zg,206.0255614,39.4715721,0.603999972,-0.023,20190902131100,718,0x8,0x4,20.1299992,25.9490089,0.0431341827,-0.0861819312,9.16459321e-05,30,1.51699996,2
374,718108400000362,97514070,2458729.637194108,58729.140706,18.4810009,0.0393788964,32768,zg,206.0255831,39.4715243,0.765999973,0.0900000036,20190903140706,718,0x8,0x4,20.3899994,25.5448799,0.172091797,-0.0447991155,0.00125499174,30,1.62600005,2
375,718108400000362,98015276,2458734.649128908,58734.1527662,18.4710999,0.0391146652,0,zg,206.0255151,39.4715259,0.423999995,0.0729999989,20190908152766,718,0x8,0x4,20.1000004,25.9471798,0.0397086181,-0.00813689455,7.03556652e-05,30,1.92900002,1
376,718108400000362,104655467,2458801.052076867,58800.5546759,18.4039841,0.0373834148,0,zg,206.0255096,39.4715288,0.856999993,-0.141000003,20191113554676,718,0x8,0x4,19.8099995,26.0346012,0.041629415,-0.0741809309,0.000105261926,30,1.88999999,1
377,718108400000362,105153462,2458806.0322933127,58805.5346296,18.570549,0.0418766998,0,zg,206.0254982,39.4715682,1.403,0.119999997,20191118534618,718,0x8,0x4,20.4400005,25.9980202,0.0447073281,-0.0413737707,7.56779555e-05,30,1.98199999,1
378,718108400000362,107455425,2458829.0533518395,58828.5542593,18.5015411,0.0399345569,0,zg,206.0255622,39.4715568,0.703999996,0.0500000007,20191211554259,718,0x8,0x4,20.1299992,26.2470722,0.0427516624,-0.0368250385,7.4863492e-05,30,1.26400006,1
379,718108400000362,107755988,2458832.0591816087,58831.5598843,18.4350147,0.0381709822,0,zg,206.0254323,39.471559,0.782999992,0.0579999983,20191214559884,718,0x8,0x4,19.8600006,26.2761459,0.0408041105,-0.0499345995,8.83818939e-05,30,1.20500004,1
380,718108400000362,108449358,2458838.993366153,58838.493588,18.359623,0.0362947844,32768,zg,206.0255141,39.4715616,0.584999979,-0.074000001,20191221493565,718,0x8,0x4,19.4599991,24.8155861,0.0459466763,-0.0508629307,0.000197305606,30,1.46000004,1
381,718108400000362,109255351,2458847.0538629354,58846.5535185,18.4442348,0.0384092443,0,zg,206.025477,39.4715491,1.07700002,0.0909999982,20191229553507,718,0x8,0x4,21.7399998,26.309618,0.0375841185,-0.105762042,4.0078492e-05,30,1.09899998,1
382,718108400000362,109853604,2458853.0368047077,58852.5360417,18.4563847,0.038726192,0,zg,206.02548,39.4715531,1.10599995,0.123000003,20200104536042,718,0x8,0x4,21.9300003,26.3140182,0.0370573141,-0.105595596,3.93669216e-05,30,1.10099995,1
383,718108400000362,110143409,2458855.9350607563,58855.4340972,18.4207172,0.0378054082,0,zg,206.0255125,39.471557,1.028,0.112000003,20200107434074,718,0x8,0x4,20.7700005,26.2170162,0.0383026041,-0.055295255,4.9905193e-05,30,1.56500006,2
384,718108400000362,110147548,2458855.976452541,58855.4754861,18.3925896,0.0370996594,0,zg,206.0254912,39.4715468,0.716000021,-0.0219999999,20200107475475,718,0x8,0x4,20.9400005,26.2526855,0.036119651,-0.060845457,4.11317051e-05,30,1.28900003,2
385,718108400000362,110150753,2458856.008503366,58855.5075347,18.406126,0.0374370851,0,zg,206.0255495,39.4715562,0.81099999,0.023,20200107507488,718,0x8,0x4,21.3099995,26.2915001,0.0371587612,-0.0989530981,3.9984523e-05,30,1.15900004,1
386,718108400000362,110554567,2458860.046915844,58859.5456713,18.428627,0.0380070843,0,zg,206.0254809,39.4715531,0.674000025,-0.00600000005,20200111545648,718,0x8,0x4,20.4300003,26.3069401,0.03604839,-0.0583784059,4.94737178e-05,30,1.046,2
387,718108400000362,110746408,2458861.965459348,58861.4640856,18.2016525,0.0327540003,0,zg,206.025518,39.4715568,0.99000001,0.0419999994,20200113464086,718,0x8,0x4,19.7999992,26.2424889,0.0383239426,-0.0350318216,8.61244189e-05,30,1.26499999,2
388,718108400000362,110751809,2458862.0194676924,58861.5180903,18.33494,0.0357076116,0,zg,206.0255916,39.4715594,1.50600004,0.0160000008,20200113518067,718,0x8,0x4,20.1299992,26.2796974,0.0435123369,-0.0558240078,8.18704721e-05,30,1.08599997,2
389,718108400000362,110846346,2458862.9649011544,58862.4634606,18.3471622,0.0359967165,0,zg,206.0254865,39.4715844,0.368000001,0.0309999995,20200114463449,718,0x8,0x4,20.2900009,26.2589684,0.0449083559,-0.048335474,8.21317808e-05,30,1.255,2
390,718108400000362,110847834,2458862.9797864496,58862.4783449,18.4193497,0.037770696,0,zg,206.0255581,39.4715332,0.80400002,0.0599999987,20200114478333,718,0x8,0x4,20.5699997,26.273632,0.0455752425,-0.0645499304,7.46564619e-05,30,1.19400001,1
391,718108400000362,110848248,2458862.983930236,58862.4824884,18.3955173,0.0371722989,0,zg,206.0254671,39.4715689,0.463999987,0.023,20200114482488,718,0x8,0x4,20.3799992,26.2577019,0.0345716849,-0.0431875847,4.89308295e-05,30,1.17900002,2
392,718108400000362,110850000,2458863.001443009,58862.5,18.3863716,0.0369460247,0,zg,206.0255058,39.471539,0.523000002,0.0340000018,20200114500000,718,0x8,0x4,20.9099998,26.2755451,0.0345050804,-0.0697697103,3.86358988e-05,30,1.12399995,1
393,718108400000362,110942321,2458863.9247219134,58863.4232176,18.3913841,0.0370697826,0,zg,206.0255054,39.4715519,0.847000003,0.0549999997,20200115423218,718,0x8,0x4,20.6700001,26.2116203,0.0397356711,-0.0555364043,5.49559627e-05,30,1.47599995,2
394,718108400000362,110943957,2458863.9410772086,58863.4395718,18.3763924,0.0367012173,0,zg,206.0255413,39.4715645,0.352999985,0.0359999985,20200115439572,718,0x8,0x4,20.6200008,26.2315712,0.0408687852,-0.0536859147,5.68246178e-05,30,1.36600006,2
395,718108400000362,111044256,2458864.944141072,58864.4425694,18.3858948,0.0369342789,0,zg,206.0255191,39.4715473,0.893000007,0.0320000015,20200116442569,718,0x8,0x4,21.0799999,26.2420597,0.0287819933,-0.0605345108,2.57564607e-05,30,1.33299994,2
396,718108400000362,111047776,2458864.979340215,58864.4777662,18.4072552,0.0374654122,0,zg,206.0254821,39.4715331,0.787,0.0949999988,20200116477743,718,0x8,0x4,21.1900005,26.2816257,0.036106661,-0.0809915662,3.88828303e-05,30,1.176,2
397,718108400000362,111257246,2458867.074176278,58866.5724653,18.391943,0.0370836221,0,zg,206.0254843,39.4715522,0.833000004,0.0689999983,20200118572465,718,0x8,0x4,21.1800003,26.2970753,0.0319293253,-0.0576108284,3.03432753e-05,30,1.00899994,2
398,718108400000362,111343736,2458867.9391279705,58867.4373611,18.4679489,0.0390310623,0,zg,206.02553,39.4715636,1.66700006,0.075000003,20200119437361,718,0x8,0x4,21.2600002,26.2435951,0.0367672816,-0.0645603165,3.91535323e-05,30,1.31599998,2
399,718108400000362,111344305,2458867.94482284,58867.4430556,18.4076252,0.0374746881,0,zg,206.0255587,39.4715717,0.556999981,0.00600000005,20200119443056,718,0x8,0x4,21.3600006,26.2589703,0.0323118083,-0.0739900023,3.03292491e-05,30,1.28699994,2
400,718108400000362,111345623,2458867.958006505,58867.4562384,18.4211044,0.0378152579,0,zg,206.0254659,39.4715481,0.737999976,0.0710000023,20200119456227,718,0x8,0x4,21.6000004,26.2696171,0.0309073888,-0.0718066469,2.7323249e-05,30,1.227,1
401,718108400000362,111744540,2458871.9474262483,58871.4454051,18.3974094,0.0372193307,0,zg,206.0254927,39.4715574,1.01499999,0.0390000008,20200123445405,718,0x8,0x4,21.4099998,26.2645912,0.0356837697,-0.0737041906,3.70791495e-05,30,1.227,2
402,718108400000362,111746202,2458871.9640476936,58871.4620255,18.3687286,0.0365147404,0,zg,206.025504,39.4715415,0.513000011,0.00400000019,20200123462025,718,0x8,0x4,21.2199993,26.2788486,0.0352553092,-0.0851824954,3.61272832e-05,30,1.16499996,2
403,718108400000362,111843561,2458872.9376959926,58872.4356134,18.4012985,0.0373162664,0,zg,206.0254684,39.4715594,0.986999989,0.0970000029,20200124435602,718,0x8,0x4,21.9300003,26.1516514,0.040273197,-0.0800057352,4.60796509e-05,30,1.25699997,2
404,718108400000362,111844706,2458872.9491435057,58872.4470602,18.3740158,0.036643263,0,zg,206.0254902,39.4715633,1.34300005,0.140000001,20200124447060,718,0x8,0x4,21.3099995,25.8122597,0.0383209586,-0.0966816321,4.4076849e-05,30,1.20899999,1
405,718108400000362,111845646,2458872.9585537906,58872.4564699,18.4204636,0.0377989635,0,zg,206.0255126,39.471561,1.20700002,0.0829999968,20200124456458,718,0x8,0x4,21.8099995,26.2469425,0.0333430395,-0.0957767963,3.17615049e-05,30,1.17400002,2
406,718108400000362,111938262,2458873.8847680744,58873.3826273,18.4335976,0.0381345637,0,zg,206.0254596,39.4715586,1.79200006,0.191,20200125382627,718,0x8,0x4,21.6800003,26.1771317,0.034831427,-0.0814344883,3.47779969e-05,30,1.58500004,2
407,718108400000362,111941135,2458873.913496754,58873.4113542,18.4095955,0.0375242196,0,zg,206.0254843,39.4715632,1.05200005,0.126000002,20200125411354,718,0x8,0x4,21.3799992,25.7909431,0.0367209986,-0.0908303633,3.99141572e-05,30,1.37100005,2
408,718108400000362,112146177,2458875.9640375027,58875.4617708,18.3767776,0.0367106497,0,zg,206.0254597,39.4715356,1.20099998,0.0179999992,20200127461748,718,0x8,0x4,21.3400002,26.2629509,0.0391727835,-0.0998023674,4.36355294e-05,30,1.13199997,1
409,718108400000362,112147306,2458875.9753344813,58875.4730671,18.3944511,0.0371458046,0,zg,206.0255057,39.4715581,0.541999996,-0.00200000009,20200127473056,718,0x8,0x4,21.3199997,26.2717056,0.0427139327,-0.104812101,5.20987414e-05,30,1.102,2
410,718108400000362,112149501,2458875.997280306,58875.4950116,18.4096756,0.0375262275,0,zg,206.0254561,39.471568,0.476999998,-0.0189999994,20200127495000,718,0x8,0x4,21.5799999,26.2840729,0.0405452549,-0.100351855,4.70374653e-05,30,1.05700004,2
411,718108400000362,112252032,2458877.022653828,58876.5203241,18.3932304,0.0371155255,0,zg,206.0254913,39.4715365,1.22000003,0.101000004,20200128520312,718,0x8,0x4,21.9599991,26.2945957,0.0336696804,-0.0841771737,3.23895474e-05,30,1.02199996,2
412,718108400000362,112252509,2458877.0274226097,58876.5250926,18.3963757,0.0371936262,0,zg,206.0255069,39.4715562,1.36300004,0.125,20200128525081,718,0x8,0x4,22.0200005,26.2888184,0.0321723446,-0.0922409371,2.93181802e-05,30,1.01800001,2
413,718108400000362,112353930,2458878.041695267,58877.5393056,18.4265137,0.0379530527,0,zg,206.0255069,39.4715783,0.70599997,0.0140000004,20200129539294,718,0x8,0x4,21.5300007,26.2718468,0.0350889079,-0.0756896436,3.53411124e-05,30,1.00899994,2
414,718108400000362,112354836,2458878.050758295,58877.5483681,18.3617172,0.0363452211,0,zg,206.0255247,39.4715517,1.454,-0.0189999994,20200129548356,718,0x8,0x4,21.1399994,26.2797642,0.0412836298,-0.091471076,5.04941563e-05,30,1.00800002,2
415,718108400000362,112450641,2458879.0088578886,58878.506412,18.3465004,0.0359809846,0,zg,206.0254623,39.4715469,1.097,-0.00499999989,20200130506400,718,0x8,0x4,21.0599995,26.285368,0.0384963453,-0.0729946494,4.59757248e-05,30,1.02999997,2
416,718108400000362,112450731,2458879.0097607365,58878.5073148,18.3863983,0.0369466729,0,zg,206.0255254,39.471557,2.03699994,0.0460000001,20200130507315,718,0x8,0x4,21.0599995,26.2855091,0.0349525362,-0.067157194,3.71695278e-05,30,1.02900004,1
417,718108400000362,112547837,2458879.9808813166,58879.4783796,18.3531551,0.0361396819,0,zg,206.0254682,39.4715687,1.26199996,0.00100000005,20200131478368,718,0x8,0x4,20.6100006,26.2630539,0.0369998887,-0.0561418682,5.01674258e-05,30,1.06700003,2
418,718108400000362,112548612,2458879.9886248605,58879.4861227,18.3720703,0.0365958996,0,zg,206.0254816,39.4715787,1.80299997,0.0540000014,20200131486111,718,0x8,0x4,21.0499992,26.2732964,0.0365319066,-0.0685850307,3.97279873e-05,30,1.05400002,2
419,718108400000362,112647790,2458880.9804635155,58880.4779051,18.4049511,0.0374076217,0,zg,206.0255268,39.4715484,1.03699994,0.0560000017,20200201477882,718,0x8,0x4,21.6900005,26.2945004,0.0343477651,-0.0978767872,3.32554664e-05,30,1.06299996,2
420,718108400000362,112649629,2458880.9988557617,58880.4962963,18.4140873,0.0376374424,0,zg,206.0254643,39.4715446,2.2579999,0.0829999968,20200201496273,718,0x8,0x4,21.6800003,26.2866764,0.0363905802,-0.0829799995,3.8021004e-05,30,1.03600001,2
421,718108400000362,112749310,2458881.9957171557,58881.4931019,18.4262276,0.0379457437,0,zg,206.0254747,39.4715518,0.828000009,0.0270000007,20200202493079,718,0x8,0x4,21.7299995,26.2979088,0.0331415571,-0.087096706,3.09225761e-05,30,1.03600001,1
422,718108400000362,112749402,2458881.996643105,58881.4940278,18.4434586,0.0383891203,0,zg,206.0254987,39.4715566,1.04400003,0.0320000015,20200202494005,718,0x8,0x4,21.8299999,26.2972527,0.0343711004,-0.0920516849,3.40666738e-05,30,1.03499997,2
423,718108400000362,112750968,2458882.01230368,58881.5096875,18.401413,0.03731912,0,zg,206.0254856,39.471549,0.876999974,-0.0390000008,20200202509630,718,0x8,0x4,21.7999992,26.2930069,0.0326191187,-0.0812243447,3.02564295e-05,30,1.01900005,2
424,718108400000362,112947584,2458883.978568873,58883.4758449,18.4208851,0.0378096811,0,zg,206.0254719,39.4715442,1.17799997,0.0109999999,20200204475833,718,0x8,0x4,20.9799995,26.2602997,0.0386480726,-0.0860048085,4.49259169e-05,30,1.05299997,2
425,718108400000362,112949621,2458883.9989403747,58883.4962153,18.3675957,0.0364872552,0,zg,206.0255351,39.4715831,0.811999977,-0.0189999994,20200204496169,718,0x8,0x4,20.9300003,26.2668095,0.0379754938,-0.0879232064,4.46790691e-05,30,1.02699995,2
426,718108400000362,113042075,2458884.923526973,58884.4207523,18.3915558,0.0370740332,0,zg,206.0255066,39.4715779,0.745000005,0.00100000005,20200205420752,718,0x8,0x4,20.5,26.268301,0.0408242084,-0.0605951659,5.95024358e-05,30,1.18499994,2
427,718108400000362,113044599,2458884.948771433,58884.4459954,18.3628502,0.0363725238,0,zg,206.0254879,39.4715507,0.643999994,0.0309999995,20200205445995,718,0x8,0x4,20.7000008,26.290451,0.0350876078,-0.0730250552,4.13043781e-05,30,1.10800004,2
428,718108400000362,113046950,2458884.972279596,58884.4695023,18.4051895,0.0374135971,0,zg,206.0254732,39.4715643,1.03100002,0.0430000015,20200205469491,718,0x8,0x4,20.9099998,26.290144,0.0344378166,-0.0625704601,3.69935697e-05,30,1.05900002,1
429,718108400000362,113144531,2458885.948141375,58885.4453125,18.3867722,0.0369559005,0,zg,206.0255343,39.4715669,0.430999994,0.0309999995,20200206445312,718,0x8,0x4,20.4699993,26.2778778,0.0417446867,-0.0529595315,6.15937388e-05,30,1.10300004,2
430,718108400000362,113147699,2458885.9798212503,58885.4769907,18.3863392,0.0369452052,0,zg,206.0255071,39.47153,1.00800002,0.0219999999,20200206476991,718,0x8,0x4,20.7999992,26.2975025,0.0349074975,-0.0643243492,3.93622722e-05,30,1.04299998,2
431,718108400000362,113247636,2458886.979248254,58886.4763657,18.4059258,0.0374320596,0,zg,206.0255137,39.4715654,0.963999987,0.0419999994,20200207476354,718,0x8,0x4,21.0300007,26.3083344,0.0351909995,-0.0513888672,3.81795107e-05,30,1.03999996,2
432,718108400000362,113249274,2458886.9956265017,58886.4927431,18.4886303,0.039584104,0,zg,206.0255279,39.471548,0.810000002,0.0450000018,20200207492743,718,0x8,0x4,21.1100006,26.3196602,0.0400197543,-0.0559004173,4.75444976e-05,30,1.02199996,2
433,718108400000362,113344765,2458887.9505827883,58887.4476505,18.4448853,0.0384261087,0,zg,206.0255322,39.4715436,0.351000011,0.0399999991,20200208447650,718,0x8,0x4,20.6000004,26.2796307,0.0351564176,-0.0605542362,4.43915669e-05,30,1.08500004,2
434,718108400000362,113346855,2458887.971486559,58887.4685532,18.4184647,0.0377482213,0,zg,206.0255065,39.4715469,1.42999995,0.128999993,20200208468542,718,0x8,0x4,20.7299995,26.2870903,0.0388142094,-0.0593430959,5.26404583e-05,30,1.04700005,1
435,718108400000362,113347467,2458887.977609571,58887.4746759,18.4630337,0.0389010757,0,zg,206.0255165,39.4715603,1.23000002,0.177000001,20200208474664,718,0x8,0x4,20.6299992,26.3079338,0.035187725,-0.0654155165,4.32517991e-05,30,1.03900003,2
436,718108400000362,113453373,2458889.03672538,58888.5337384,18.324585,0.0354651213,0,zg,206.0254997,39.4715901,0.749000013,0.226999998,20200209533692,718,0x8,0x4,19.0599995,26.2943764,0.0428700633,-0.0558007173,0.00022910173,30,1.00999999,2
437,718108400000362,113653270,2458891.03579324,58890.5327083,18.3096409,0.035119161,0,zg,206.0256271,39.4714406,0.565999985,0.345999986,20200211532708,718,0x8,0x4,19.5,26.2561531,0.0360107683,-0.0444413051,9.76063675e-05,30,1.01199996,1
438,718108400000362,113653361,2458891.0366960894,58890.5336111,18.2170544,0.0330772549,0,zg,206.0255077,39.4716356,0.418000013,0.0480000004,20200211533611,718,0x8,0x4,19.6100006,26.2479973,0.0425362773,-0.0350395329,0.000122118014,30,1.01199996,2
439,718108400000362,113656025,2458891.0633408534,58890.5602546,18.1939278,0.0325935856,0,zg,206.0256775,39.4715962,1.38100004,0.0359999985,20200211560243,718,0x8,0x4,19.1100006,26.2167816,0.0402763076,-0.0458327085,0.000168057071,30,1.03400004,2
440,718108400000362,113745478,2458891.9579090406,58891.4547801,18.4269123,0.0379632525,0,zg,206.0255206,39.4715854,1.00600004,0.100000001,20200212454768,718,0x8,0x4,20.5400009,26.2932835,0.0329580978,-0.0554387309,4.04456187e-05,30,1.05200005,2
441,718108400000362,113746309,2458891.966219638,58891.4630903,18.4470234,0.0384816788,0,zg,206.025501,39.471554,0.411000013,0.0430000015,20200212463067,718,0x8,0x4,20.7600002,26.2956142,0.0356582142,-0.0661230385,4.47668717e-05,30,1.03999996,2
442,718108400000362,113836057,2458892.863750068,58892.3605787,18.4460907,0.0384574458,0,zg,206.0255335,39.4715479,1.30799997,0.109999999,20200213360579,718,0x8,0x4,20.6599998,26.2345734,0.0405904874,-0.0817420334,5.75213053e-05,30,1.36500001,2
443,718108400000362,113838280,2458892.885973319,58892.3828009,18.4649391,0.0389514118,0,zg,206.0254987,39.4715624,0.432000011,0.0560000017,20200213382801,718,0x8,0x4,20.8600006,26.2415924,0.032936357,-0.0536958128,3.54029034e-05,30,1.24899995,2
444,718108400000362,113947106,2458893.974287275,58893.4710648,18.4503098,0.0385672934,0,zg,206.0255327,39.4715562,1.07700002,0.0799999982,20200214471065,718,0x8,0x4,21.3400002,26.2748184,0.0316892713,-0.06289839,2.97761526e-05,30,1.02400005,2
445,718108400000362,113947199,2458893.97521322,58893.4719907,18.4422398,0.0383575186,0,zg,206.025501,39.4715437,0.677999973,0.0850000009,20200214471979,718,0x8,0x4,21.4200001,26.2817402,0.0314708613,-0.0799540505,2.91857923e-05,30,1.02400005,1
446,718108400000362,113949268,2458893.9959086603,58893.4926852,18.4545536,0.0386782028,0,zg,206.0255345,39.4715307,1.15699995,0.130999997,20200214492685,718,0x8,0x4,21.3899994,26.2852879,0.0337063335,-0.0611785613,3.3588989e-05,30,1.00999999,2
447,718108400000362,114036809,2458894.8713531317,58894.3680903,18.4321957,0.0380985551,0,zg,206.0255235,39.4715821,1.20500004,0.0659999996,20200215368090,718,0x8,0x4,21.3400002,26.2386303,0.0325712375,-0.0626447424,3.06644579e-05,30,1.29299998,2
448,718108400000362,114054635,2458895.0496250098,58894.5463542,18.449955,0.0385580286,0,zg,206.0255308,39.4715612,0.93599999,0.0219999999,20200215546319,718,0x8,0x4,21.2700005,26.3108025,0.0347745419,-0.10326764,3.56572418e-05,30,1.03100002,2
449,718108400000362,114138726,2458895.890576331,58895.3872685,18.3822174,0.0368438549,0,zg,206.0254875,39.4715433,1.50899994,0.116999999,20200216387268,718,0x8,0x4,21.4699993,26.2594223,0.0339380205,-0.090153791,3.31183328e-05,30,1.19700003,2
450,718108400000362,114152449,2458896.0278045414,58895.5244907,18.4291821,0.0380213,0,zg,206.0254931,39.4715334,1.22899997,0.061999999,20200216524421,718,0x8,0x4,21.3799992,26.3057194,0.0356477015,-0.103262179,3.7119953e-05,30,1.01499999,2
451,718108400000362,114440668,2458898.9101250083,58898.4066898,18.4533329,0.0386462621,0,zg,206.0254951,39.4715625,0.736000001,0.0240000002,20200219406690,718,0x8,0x4,22.1499996,26.285017,0.0378138646,-0.113377467,4.07490988e-05,30,1.11099994,2
452,718108400000362,114443472,2458898.93815856,58898.4347222,18.4097843,0.0375289842,0,zg,206.0254958,39.4715533,1.01300001,0.108000003,20200219434711,718,0x8,0x4,22.2600002,26.3051281,0.0435613506,-0.107625633,5.43371352e-05,30,1.05299997,2
453,718108400000362,114444553,2458898.9489692026,58898.4455324,18.4253998,0.0379246324,0,zg,206.0254799,39.4715756,2.34500003,0.222000003,20200219445521,718,0x8,0x4,22.3099995,26.2959061,0.0384541787,-0.0999879017,4.2314372e-05,30,1.03799999,2
454,718108400000362,114445534,2458898.958784404,58898.4553472,18.4320717,0.0380953737,0,zg,206.0254897,39.4715567,0.989000022,0.120999999,20200219455324,718,0x8,0x4,22.3099995,26.2935982,0.03796627,-0.103790909,4.05268547e-05,30,1.02600002,1
455,718108400000362,114540560,2458899.9090772574,58899.4056019,18.4246368,0.0379051752,0,zg,206.0254717,39.4715468,1.31500006,0.111000001,20200220405590,718,0x8,0x4,21.8299999,26.2581062,0.0332005396,-0.0918231159,3.16949045e-05,30,1.10699999,2
456,718108400000362,114543380,2458899.9372843844,58899.4338079,18.473568,0.0391803086,0,zg,206.0255158,39.4715552,1.32099998,0.0920000002,20200220433785,718,0x8,0x4,21.8299999,26.2733574,0.0357533395,-0.0967617407,3.6228932e-05,30,1.04999995,2
457,718108400000362,114543473,2458899.938210324,58899.4347338,18.4149818,0.0376600623,0,zg,206.0254737,39.4715645,0.647000015,0.0160000008,20200220434722,718,0x8,0x4,21.7399998,26.2794037,0.0351992287,-0.0969546363,3.58505458e-05,30,1.04900002,1
458,718108400000362,114552836,2458900.0318483314,58899.5283681,18.3889904,0.0370105989,0,zg,206.0254929,39.4715527,1.12100005,0.074000001,20200220528322,718,0x8,0x4,21.7700005,26.2862663,0.0341233909,-0.106525421,3.30009134e-05,30,1.02600002,2
459,718108400000362,114636218,2458900.865700333,58900.3621875,18.4354153,0.0381812938,0,zg,206.0254616,39.4715555,1.98199999,0.196999997,20200221362176,718,0x8,0x4,21.6800003,26.1590481,0.0368033089,-0.0916480869,3.92631337e-05,30,1.24399996,2
460,718108400000362,114638224,2458900.8857590207,58900.3822454,18.4139805,0.0376347639,0,zg,206.0254767,39.4715633,1.148,0.0900000036,20200221382234,718,0x8,0x4,21.6299992,26.0834713,0.0335573815,-0.101589456,3.25393266e-05,30,1.16700006,2
461,718108400000362,114652843,2458901.0319567863,58900.5284375,18.4071827,0.0374635831,32768,zg,206.0254909,39.4715327,2.08899999,0.245000005,20200221528414,718,0x8,0x4,20.7700005,25.4345627,0.042650789,-0.0741730034,6.52298695e-05,30,1.02900004,2
462,718108400000362,114652937,2458901.032894322,58900.529375,18.4314594,0.0380796492,32768,zg,206.0255055,39.471484,0.800999999,0.0160000008,20200221529352,718,0x8,0x4,20.0,24.7409611,0.0437227264,-0.101653211,0.000118070559,30,1.02999997,1
463,718108400000362,114935214,2458903.8557651388,58903.3521412,18.4260502,0.03794121,0,zg,206.0254752,39.4715735,0.935000002,0.0900000036,20200224352141,718,0x8,0x4,21.9300003,26.2244453,0.0344888382,-0.0979057848,3.44889595e-05,30,1.25199997,2
464,718108400000362,114936932,2458903.872953261,58903.3693287,18.3994064,0.0372690596,0,zg,206.0254928,39.4715426,1.25,0.0989999995,20200224369329,718,0x8,0x4,21.8700008,26.2396851,0.0352488048,-0.0918851271,3.62130886e-05,30,1.18299997,2
465,718108400000362,114954137,2458904.045007981,58903.5413773,18.4457779,0.0384492949,0,zg,206.0254953,39.4715656,1.17400002,0.0970000029,20200224541366,718,0x8,0x4,21.8199997,26.2663918,0.033558704,-0.0859216154,3.20205472e-05,30,1.05799997,1
466,718108400000362,115042537,2458904.9290319625,58904.4253704,18.3947964,0.0371543877,0,zg,206.0254804,39.4715459,1.53600001,0.050999999,20200225425347,718,0x8,0x4,21.2099991,26.264307,0.0395766608,-0.0828006566,4.59771909e-05,30,1.04299998,1
467,718108400000362,115042630,2458904.929969498,58904.4263079,18.3896122,0.0370259769,0,zg,206.0254246,39.4715593,1.01400006,0.0270000007,20200225426296,718,0x8,0x4,21.1299992,26.2700653,0.0371315442,-0.0905789435,4.08238848e-05,30,1.04100001,2
468,718108400000362,115044658,2458904.9502479,58904.4465856,18.4655838,0.0389684588,0,zg,206.0254344,39.4715558,0.991999984,0.061999999,20200225446562,718,0x8,0x4,21.4500008,26.2695045,0.0398884974,-0.0841169059,4.5595305e-05,30,1.01999998,2
469,718108400000362,115151855,2458906.022251791,58905.5185532,18.3621082,0.0363546424,0,zg,206.0251817,39.4716315,1.42400002,0.0970000029,20200226518530,718,0x8,0x4,20.0900002,26.2662239,0.0410263054,-0.0574490353,7.70536426e-05,30,1.03299999,2
470,718108400000362,115151947,2458906.023177805,58905.5194792,18.2950859,0.0347866938,0,zg,206.0254711,39.4716411,1.36600006,0.275999993,20200226519468,718,0x8,0x4,19.9400005,26.2497406,0.0384102091,-0.0561391078,7.71310224e-05,30,1.03400004,1
471,718108400000362,115233881,2458906.8425448667,58906.3388194,18.3774796,0.0367277786,0,zg,206.0255078,39.4715548,0.944999993,0.0469999984,20200227338819,718,0x8,0x4,21.2900009,26.2358341,0.0369828157,-0.0779712945,3.89052257e-05,30,1.27600002,2
472,718108400000362,115253858,2458907.042319946,58906.538588,18.3248138,0.0354704559,0,zg,206.0254201,39.4715654,0.629999995,-0.0219999999,20200227538576,718,0x8,0x4,20.6299992,26.1306324,0.0390997194,-0.043962609,5.171671e-05,30,1.06799996,1
473,718108400000362,115253951,2458907.043245872,58906.5395139,18.3916779,0.0370770767,0,zg,206.0254678,39.4715876,0.856000006,-0.0,20200227539502,718,0x8,0x4,20.6599998,26.1459408,0.0381517373,-0.0655375049,5.13112063e-05,30,1.07000005,2
474,718108400000362,115435013,2458908.853927298,58908.3501389,18.4367275,0.0382151008,0,zg,206.0254976,39.4715407,1.37600005,0.111000001,20200229350139,718,0x8,0x4,21.7900009,26.2444668,0.037118528,-0.0901574045,3.88296539e-05,30,1.204,2
475,718108400000362,115453107,2458909.034870256,58908.5310764,18.4757214,0.0392377302,32768,zg,206.0255106,39.4715528,1.00699997,0.0850000009,20200229531065,718,0x8,0x4,21.6399994,26.0646324,0.0625273064,-0.0844484195,0.000111027177,30,1.06400001,1
476,718108400000362,115741204,2458911.915924212,58911.4120486,18.4359112,0.0381940603,0,zg,206.0254305,39.4715652,1.29999995,0.00499999989,20200303412037,718,0x8,0x4,21.1399994,26.2433586,0.041326154,-0.0703984946,5.12723382e-05,30,1.03499997,2
477,718108400000362,115742516,2458911.9290379635,58911.425162,18.3758678,0.0366884135,0,zg,206.0254604,39.4715682,1.21599996,0.00700000022,20200303425162,718,0x8,0x4,21.1100006,26.2479534,0.0370784923,-0.0704240054,4.15554568e-05,30,1.02199996,1
478,718108400000362,115742608,2458911.9299639887,58911.426088,18.391571,0.0370744169,0,zg,206.0254521,39.4715516,0.675999999,0.00899999961,20200303426076,718,0x8,0x4,21.1000004,26.2517872,0.0350809097,-0.0725203156,3.67346911e-05,30,1.02100003,2
479,718108400000362,115852046,2458913.0243675634,58912.520463,18.4059296,0.0374321528,0,zg,206.0254838,39.4715527,1.04999995,0.0860000029,20200304520451,718,0x8,0x4,21.9400005,26.2354336,0.0314362012,-0.0690885112,2.81897483e-05,30,1.06500006,2
480,718108400000362,115854197,2458913.0458843005,58912.5419792,18.388937,0.03700931,0,zg,206.0254998,39.4715413,0.718999982,0.0649999976,20200304541968,718,0x8,0x4,21.9300003,26.2423401,0.0297613349,-0.0897641778,2.49750665e-05,30,1.11199999,2
481,718108400000362,115931931,2458913.8232416506,58913.3193171,18.3722477,0.0366002247,0,zg,206.025484,39.4715356,1.11899996,0.104000002,20200305319306,718,0x8,0x4,21.1800003,26.2045212,0.0316287577,-0.0763886943,3.03032357e-05,30,1.278,2
482,718108400000362,115950717,2458914.0111050834,58913.5071759,18.4179115,0.037734203,0,zg,206.0254985,39.471554,0.842000008,0.111000001,20200305507141,718,0x8,0x4,21.4099998,25.8723602,0.0364859924,-0.0873414204,3.91850299e-05,30,1.04700005,1
483,718108400000362,115950811,2458914.0120426053,58913.5081134,18.4280281,0.0379917733,0,zg,206.0255173,39.4715452,0.648999989,0.0329999998,20200305508090,718,0x8,0x4,21.5,25.9155216,0.0375525206,-0.0957276821,4.11777473e-05,30,1.04900002,2
484,718108400000362,116043726,2458914.9412198854,58914.4372685,18.4525547,0.0386259034,0,zg,206.0255122,39.471568,0.902999997,0.0379999988,20200306437269,718,0x8,0x4,21.1599998,26.2592564,0.0365834944,-0.0676714033,4.00204008e-05,30,1.00999999,2
485,718108400000362,116044936,2458914.9533150685,58914.4493634,18.4419384,0.038349703,0,zg,206.0255005,39.4715611,1.50600004,0.133000001,20200306449363,718,0x8,0x4,21.0900002,26.2507076,0.0326836519,-0.0689511523,3.1984011e-05,30,1.00800002,2
486,718108400000362,116050045,2458915.0044042477,58914.5004514,18.387043,0.036962565,0,zg,206.0255084,39.4715429,1.074,0.0869999975,20200306500440,718,0x8,0x4,21.7199993,26.2293625,0.027088305,-0.0808594301,2.09062673e-05,30,1.04200006,1
487,718108400000362,116147495,2458915.978928675,58915.4749537,18.4277649,0.037985038,0,zg,206.0255072,39.4715451,0.547999978,0.0350000001,20200307474954,718,0x8,0x4,20.7900009,26.2742519,0.03810478,-0.0626607686,4.67477148e-05,30,1.01800001,2
488,718108400000362,116149535,2458915.9993342184,58915.4953588,18.5334148,0.0408169515,32768,zg,206.0255201,39.4715825,0.503000021,0.0240000002,20200307495336,718,0x8,0x4,20.7399998,26.2046108,0.051880151,-0.0619309731,9.31494069e-05,30,1.03799999,1
489,718108400000362,118228283,2458936.7870170022,58936.2828356,18.4853573,0.0394959189,0,zg,206.0255012,39.4715547,1.20799994,0.136000007,20200328282812,718,0x8,0x4,21.8099995,26.1948471,0.0344898179,-0.0965354815,3.39462604e-05,30,1.16999996,2
490,718108400000362,118229633,2458936.800512376,58936.296331,18.4834099,0.0394435488,0,zg,206.0255126,39.4715559,1.47800004,0.143000007,20200328296331,718,0x8,0x4,21.8799992,26.1990738,0.0331425145,-0.0941826105,3.13560849e-05,30,1.12899995,2
491,718108400000362,118230428,2458936.8084637607,58936.3042824,18.4832764,0.039439965,32768,zg,206.0254914,39.471542,0.947000027,0.111000001,20200328304271,718,0x8,0x4,21.8299999,26.2488766,0.0363153964,-0.127015471,3.74126175e-05,30,1.10699999,1
492,718108400000362,118534973,2458939.8539019297,58939.3497338,18.4475346,0.0384949818,32768,zg,206.0254979,39.4715625,1.324,0.163000003,20200331349711,718,0x8,0x4,21.0,25.6560764,0.0389537103,-0.0604456849,4.91308019e-05,30,1.02100003,1
493,718108400000362,118638743,2458940.8915917,58940.3874306,18.5633354,0.0416681357,32768,zg,206.0255118,39.471542,1.097,0.0839999989,20200401387431,718,0x8,0x4,21.4400005,25.9287872,0.0595799461,-0.081913501,0.00010485977,30,1.00899994,1
494,718108400000362,118638935,2458940.8935129847,58940.3893519,18.4332771,0.0381263234,32768,zg,206.02548,39.4715535,1.23399997,0.131999999,20200401389329,718,0x8,0x4,21.3700008,25.7798424,0.0431963317,-0.0772849619,5.40694164e-05,30,1.00899994,2
495,718108400000362,118745432,2458941.9584812215,58941.4543287,18.467638,0.0390228145,0,zg,206.0254779,39.4715512,0.721000016,-0.0260000005,20200402454317,718,0x8,0x4,21.2999992,26.2282791,0.0429366939,-0.102776036,5.49256329e-05,30,1.09099996,2
496,718108400000362,118747387,2458941.9780296404,58941.4738773,18.4840202,0.0394599438,0,zg,206.0255053,39.4715556,1.13100004,0.0209999997,20200402473866,718,0x8,0x4,21.3700008,26.2308369,0.0393961221,-0.108184248,4.58256545e-05,30,1.14199996,1
497,718108400000362,118747481,2458941.97896713,58941.4748148,18.4219189,0.0378359593,0,zg,206.0254923,39.4715736,0.862999976,0.0240000002,20200402474792,718,0x8,0x4,21.1599998,26.2273216,0.0412683263,-0.104247183,5.25782089e-05,30,1.14499998,2
498,718108400000362,119042979,2458944.9339133203,58944.4297917,18.4588318,0.0387904532,0,zg,206.0254492,39.4715451,0.620000005,-0.0130000003,20200405429792,718,0x8,0x4,20.0200005,26.2362633,0.0462711789,-0.0435486622,0.000104143415,30,1.05900002,2
499,718108400000362,119044681,2458944.9509385037,58944.4468171,18.5053978,0.0400400087,0,zg,206.0255041,39.4715682,0.56400001,-0.0949999988,20200405446806,718,0x8,0x4,20.2999992,26.2323532,0.037992917,-0.0613559149,5.79058069e-05,30,1.09300005,1
500,718108400000362,119044774,2458944.9518644908,58944.4477431,18.402586,0.0373484343,0,zg,206.0255167,39.4715733,0.788999975,0.0489999987,20200405447732,718,0x8,0x4,20.3700008,26.2408466,0.0365101583,-0.0780927166,5.6221561e-05,30,1.09500003,2
501,718108400000362,120038450,2458954.888446676,58954.3845023,18.4621811,0.0388785973,0,zg,206.0254808,39.4715512,0.994000018,0.0410000011,20200415384456,718,0x8,0x4,21.4699993,26.2469673,0.0341023616,-0.0950606242,3.36109333e-05,30,1.03299999,2
502,718108400000362,120038542,2458954.8893725537,58954.3854282,18.4702225,0.0390913635,0,zg,206.0255105,39.4715546,1.426,0.0590000004,20200415385417,718,0x8,0x4,21.3400002,26.2380161,0.0371574648,-0.0799325332,4.08808519e-05,30,1.03400004,1
503,718108400000362,120041524,2458954.919186744,58954.4152431,18.4479408,0.0385055654,0,zg,206.0254744,39.4715403,0.660000026,-0.0199999996,20200415415220,718,0x8,0x4,21.0200005,26.2243977,0.0353944041,-0.0693642721,3.8476639e-05,30,1.08299994,2
504,718108400000362,120132967,2458955.8335976647,58955.3296759,18.526104,0.0406123884,0,zg,206.0254843,39.4715612,1.19400001,0.111000001,20200416329653,718,0x8,0x4,21.5699997,26.251255,0.0345127247,-0.0778888911,3.41703708e-05,30,1.00899994,1
505,718108400000362,120133057,2458955.834500443,58955.3305787,18.4940109,0.0397296734,0,zg,206.0255059,39.4715624,0.996999979,0.0729999989,20200416330579,718,0x8,0x4,21.7399998,26.2559547,0.0355588123,-0.0898457244,3.6012807e-05,30,1.00800002,2
506,718108400000362,120140384,2458955.90776253,58955.4038426,18.5054283,0.0400408544,0,zg,206.0255131,39.4715773,1.60800004,0.057,20200416403831,718,0x8,0x4,21.5799999,26.2445145,0.0345262662,-0.0840439275,3.4386725e-05,30,1.06599998,2
507,718108400000362,120834321,2458962.8469412425,58962.3432176,18.4700031,0.0390855409,0,zg,206.0254967,39.4715455,1.28400004,0.063000001,20200423343206,718,0x8,0x4,21.7900009,26.2599392,0.0327355191,-0.103771016,3.08471281e-05,30,1.01600003,1
508,718108400000362,121126081,2458965.764436188,58965.2608102,18.5509567,0.0413132869,0,zg,206.0255362,39.4715583,0.70599997,0.0989999995,20200426260799,718,0x8,0x4,22.0799999,26.2776031,0.0283254106,-0.0773518607,2.35953376e-05,30,1.03999996,1
509,718108400000362,121430704,2458968.810563514,58968.3070486,18.5013962,0.0399305858,0,zg,206.0254986,39.4715585,1.42400002,0.115000002,20200429307037,718,0x8,0x4,21.8600006,26.3105717,0.0339175239,-0.0758840144,3.34646611e-05,30,1.00800002,1
510,718108400000362,121628531,2458970.7887504576,58970.2853125,18.5060539,0.0400579721,0,zg,206.0255271,39.4715535,0.890999973,0.0649999976,20200501285301,718,0x8,0x4,21.4599991,26.3134956,0.0308560282,-0.09010005,2.8061093e-05,30,1.00899994,3
511,718108400000362,121730049,2458971.8038947308,58971.3004977,18.6015663,0.0427886359,0,zg,206.0255258,39.4715594,0.352999985,0.0520000011,20200502300486,718,0x8,0x4,21.1399994,26.299448,0.0300123431,-0.0853233188,2.77328636e-05,30,1.00800002,1
512,718108400000362,121730143,2458971.804832194,58971.3014352,18.5170364,0.0403604358,0,zg,206.0255264,39.4715384,0.263999999,0.0170000009,20200502301435,718,0x8,0x4,21.0400009,26.2903538,0.0381590836,-0.0692988858,4.58826325e-05,30,1.00899994,3
513,718108400000362,121827782,2458972.781180833,58972.2778241,18.5191097,0.0404178537,0,zg,206.0255501,39.471531,1.45599997,0.0930000022,20200503277789,718,0x8,0x4,20.8899994,26.2676125,0.0367956311,-0.0703638494,4.49177387e-05,30,1.00999999,3
514,718108400000362,121925847,2458973.761787616,58973.2584722,18.4862175,0.0395190604,0,zg,206.0254297,39.4715539,1.36600006,0.063000001,20200504258461,718,0x8,0x4,20.5100002,26.2825928,0.036868792,-0.0478172451,4.89594349e-05,30,1.01900005,3
515,718108400000362,122020373,2458974.7070131632,58974.2037384,18.6385403,0.0439083725,0,zg,206.0255358,39.4715457,1.14400005,-0.0309999995,20200505203738,718,0x8,0x4,20.6200008,26.2146282,0.0464259014,-0.0727849156,8.22732982e-05,30,1.10000002,3
516,718108400000362,122045609,2458974.9593632026,58974.4560995,18.5207157,0.0404624343,0,zg,206.0255373,39.47156,0.316000015,-0.0299999993,20200505456088,718,0x8,0x4,20.3400002,26.1621361,0.0429041162,-0.0542965606,8.26869436e-05,30,1.51199996,1
517,718108400000362,122125523,2458975.758460141,58975.2552315,18.6124039,0.0431131124,0,zg,206.0255248,39.4715543,0.68599999,0.122000001,20200506255208,718,0x8,0x4,20.3799992,26.288578,0.0433427542,-0.0289887935,7.74477085e-05,30,1.01800001,3
518,718108400000362,122128077,2458975.784003008,58975.2807755,18.397974,0.0372333676,0,zg,206.0254644,39.4715499,0.845000029,-0.0729999989,20200506280775,718,0x8,0x4,19.8899994,26.0707932,0.0436799452,-0.0552596264,0.000117513206,30,1.00800002,1
519,718108400000362,122220119,2458976.7043783963,58976.2011921,18.4026642,0.0373503976,0,zg,206.0255328,39.47154,0.717000008,0.0970000029,20200507201181,718,0x8,0x4,20.4200001,26.2893848,0.0352820531,-0.049172841,5.32879822e-05,30,1.09300005,3
520,718108400000362,122333952,2458977.842659832,58977.3395255,18.6360741,0.0438325554,0,zg,206.0254851,39.4715637,0.460999995,-0.0350000001,20200508339525,718,0x8,0x4,19.7700005,25.8721848,0.0458599105,-0.0456334166,0.000129383989,30,1.05900002,3
521,718108400000362,122419825,2458978.701346711,58978.1982523,18.5225048,0.0405121185,0,zg,206.02552,39.4715446,1.199,0.0379999988,20200509198218,718,0x8,0x4,21.3799992,26.2630825,0.0370760746,-0.0769347697,4.15012255e-05,30,1.08700001,3
522,718108400000362,122523927,2458979.742315996,58979.2392708,18.4813614,0.0393885821,0,zg,206.0255366,39.4715444,0.88499999,0.075000003,20200510239271,718,0x8,0x4,21.6700001,26.2074108,0.0251383204,-0.0664653033,1.85698173e-05,30,1.02199996,3
523,718108400000362,122622789,2458980.7308911146,58980.2278935,18.524168,0.0405584276,0,zg,206.0255063,39.4715664,0.805000007,0.0860000029,20200511227882,718,0x8,0x4,22.2800007,26.2609844,0.0298378225,-0.0899849311,2.55785908e-05,30,1.02999997,1
524,718108400000362,122622891,2458980.731909567,58980.228912,18.5608025,0.0415952057,0,zg,206.0255253,39.4715536,1.49899995,0.187999994,20200511228877,718,0x8,0x4,22.2999992,26.2648659,0.035845004,-0.0959148109,3.70734015e-05,30,1.02900004,3
525,718108400000362,122731240,2458981.815351907,58981.3124074,18.4834671,0.0394450873,0,zg,206.0254866,39.4715278,0.81099999,0.0109999999,20200512312280,718,0x8,0x4,21.0200005,26.2654476,0.0390678383,-0.0626168028,4.6308418e-05,30,1.03499997,3
526,718108400000362,123120267,2458985.705420028,58985.2026736,18.6072655,0.0429589003,0,zg,206.0255225,39.471536,2.19400001,0.338999987,20200516202662,718,0x8,0x4,22.2000008,26.274229,0.0349605568,-0.08830259,3.55943266e-05,30,1.04499996,3
527,718108400000362,123120359,2458985.7063458795,58985.2035995,18.5971298,0.0426566601,0,zg,206.0255371,39.471545,1.70700002,0.204999998,20200516203600,718,0x8,0x4,22.1499996,26.2650337,0.0289555341,-0.0931529328,2.42148653e-05,30,1.04299998,1
528,718108400000362,123324174,2458987.7443857654,58987.2417477,18.5740585,0.0419786461,0,zg,206.0255144,39.4715476,0.828999996,0.129999995,20200518241748,718,0x8,0x4,22.3299999,26.3077908,0.0317858607,-0.0822590366,2.89959025e-05,30,1.00899994,3
529,718108400000362,123730589,2458991.8083045795,58991.3058912,18.5590591,0.0415450893,0,zg,206.0254989,39.4715485,1.04200006,0.101000004,20200522305891,718,0x8,0x4,21.8400002,26.2636528,0.0292372499,-0.066518046,2.46255113e-05,30,1.06700003,1
530,718108400000362,123730682,2458991.809242025,58991.3068287,18.5190277,0.0404156074,0,zg,206.0254819,39.4715569,1.051,0.137999997,20200522306817,718,0x8,0x4,21.8199997,26.2553272,0.027550254,-0.0611497685,2.19470221e-05,30,1.06799996,3
531,718108400000362,123832023,2458992.8225870985,58992.3202315,18.53125,0.040756233,0,zg,206.0255119,39.471539,1.17799997,0.0489999987,20200523320231,718,0x8,0x4,21.6700001,26.2617359,0.0325339586,-0.0964155346,3.05789945e-05,30,1.10300004,3
532,718108400000362,123925390,2458993.7562023727,58993.2539005,18.5909958,0.0424750745,0,zg,206.0254993,39.4715559,0.861000001,0.0700000003,20200524253900,718,0x8,0x4,21.7700005,26.2618103,0.0334597416,-0.093475461,3.22171254e-05,30,1.01300001,3
533,718108400000362,124025906,2458994.761305916,58994.2590625,18.6044922,0.0428759195,0,zg,206.0254812,39.471555,1.38699996,0.101999998,20200525259016,718,0x8,0x4,21.7700005,26.2532692,0.0322355591,-0.0767509192,2.96859598e-05,30,1.01800001,3
534,718108400000362,124026008,2458994.762324356,58994.260081,18.5248795,0.04057822,0,zg,206.0254845,39.4715565,1.69099998,0.123000003,20200525260035,718,0x8,0x4,21.9899998,26.2681198,0.02758082,-0.0781913847,2.20264574e-05,30,1.01900005,1
535,718108400000362,124116267,2458995.664863955,58995.1626736,18.5697231,0.0418527424,0,zg,206.025539,39.4715476,0.957000017,0.0670000017,20200526162662,718,0x8,0x4,21.3199997,26.2468662,0.0329606012,-0.095885776,3.25081892e-05,30,1.06500006,1
536,718108400000362,124130420,2458995.806383389,58995.3042014,18.5685978,0.0418201461,0,zg,206.0255084,39.4715407,0.523000002,0.0659999996,20200526304201,718,0x8,0x4,21.9500008,26.2593403,0.0306239333,-0.0855952278,2.72026773e-05,30,1.08500004,3
537,718108400000362,124219394,2458996.6960760374,58996.1939468,18.4915886,0.0396640599,0,zg,206.0254911,39.4715439,1.52199996,0.123000003,20200527193924,718,0x8,0x4,22.1599998,26.2539997,0.0285715796,-0.0714201108,2.36946526e-05,30,1.02100003,3
538,718108400000362,124321584,2458997.7179129906,58997.2158449,18.5105171,0.0401805341,0,zg,206.0254977,39.4715423,1.54299998,0.188999996,20200528215845,718,0x8,0x4,21.9400005,26.2541256,0.028125871,-0.0552726388,2.2954715e-05,30,1.00800002,1
539,718108400000362,124321678,2458997.7188504348,58997.2167824,18.5024338,0.0399589427,0,zg,206.0255119,39.4715414,1.42799997,0.174999997,20200528216782,718,0x8,0x4,21.9099998,26.2579899,0.026528284,-0.065359734,2.05981796e-05,30,1.00800002,3
540,718108400000362,124434060,2458998.842601995,58998.3406019,18.5791645,0.0421275198,0,zg,206.0255485,39.4715434,0.91900003,0.0869999975,20200529340602,718,0x8,0x4,22.0100002,26.2429733,0.0322305039,-0.0892503262,3.03346042e-05,30,1.22099996,3
541,718108400000362,124525347,2458999.7554167123,58999.2534722,18.4861183,0.0395163968,0,zg,206.0255121,39.4715312,0.742999971,0.0309999995,20200530253299,718,0x8,0x4,20.5200005,26.2684174,0.0373591967,-0.0484004095,5.10338359e-05,30,1.02400005,3
542,718108400000362,124624284,2459000.744730961,59000.2428472,18.5437489,0.0411084108,0,zg,206.02554,39.4715426,0.449999988,-0.0189999994,20200531242847,718,0x8,0x4,20.8400002,26.2662754,0.035793826,-0.0570003875,4.1794854e-05,30,1.01800001,1
543,718108400000362,124626422,2459000.7661069324,59000.2642245,18.5635014,0.0416729115,0,zg,206.0254983,39.4715821,0.967000008,0.0759999976,20200531264225,718,0x8,0x4,21.1200008,26.2542686,0.0354491509,-0.0602247752,3.82125363e-05,30,1.03999996,1
544,718108400000362,124626516,2459000.7670443766,59000.265162,18.5998993,0.0427390002,0,zg,206.0255216,39.4715669,1.09300005,0.143000007,20200531265162,718,0x8,0x4,21.1399994,26.261898,0.0331997126,-0.0741539225,3.36260164e-05,30,1.04100001,3
545,718108400000362,124736754,2459001.869360356,59001.3675463,18.586195,0.0423336253,0,zg,206.0255113,39.4715438,1.12,0.142000005,20200601367546,718,0x8,0x4,20.7700005,26.1158695,0.036963582,-0.0520314723,4.68710496e-05,30,1.40499997,3
546,718108400000362,125020068,2459004.702319124,59004.2006829,18.6769753,0.0451110415,0,zg,206.0255057,39.4715673,0.711000025,0.138999999,20200604200683,718,0x8,0x4,20.75,26.2974453,0.0331988968,-0.0421425067,4.0383773e-05,30,1.00800002,3
547,718108400000362,125020164,2459004.703279669,59004.2016435,18.5730686,0.0419498384,0,zg,206.0255705,39.4715266,1.43299997,0.0540000014,20200604201632,718,0x8,0x4,20.7399998,26.2828503,0.0486118942,-0.0402647555,8.42811496e-05,30,1.00800002,1
548,718108400000362,125524334,2459009.744656569,59009.2433449,18.6001225,0.0427456386,0,zg,206.025489,39.4715563,0.797999978,-0.0130000003,20200609243345,718,0x8,0x4,21.2299995,26.3299351,0.0336049646,-0.0878881887,3.33861826e-05,30,1.04499996,1
549,718108400000362,125524428,2459009.7455940056,59009.2442824,18.5259914,0.0406092256,0,zg,206.0254554,39.4715591,1.18099999,-0.0379999988,20200609244282,718,0x8,0x4,21.1399994,26.3143253,0.0344847105,-0.0616824627,3.50133741e-05,30,1.046,3
550,718108400000362,125820357,2459012.7046935726,59012.2035764,18.5828247,0.0422346443,0,zg,206.0255162,39.4715609,0.680000007,0.0850000009,20200612203553,718,0x8,0x4,22.0499992,26.3218765,0.0291228592,-0.0668665767,2.46311702e-05,30,1.01400006,1
551,718108400000362,126525944,2459019.760089206,59019.2594444,18.6566505,0.0444700792,0,zg,206.0255309,39.4715685,0.832000017,0.137999997,20200619259444,718,0x8,0x4,21.9899998,26.2711391,0.0316398405,-0.0899463445,2.94106067e-05,30,1.13800001,1
552,718108400000362,127123611,2459025.7363502597,59025.2361111,18.594883,0.0425900556,0,zg,206.0255012,39.4715634,2.59100008,0.268999994,20200625236111,718,0x8,0x4,21.7199993,26.0438156,0.0311543494,-0.0727917179,2.89574546e-05,30,1.11899996,1
553,718108400000362,127717704,2459031.676884071,59031.1770486,18.5707302,0.0418819524,0,zg,206.025526,39.4715383,0.569000006,-0.0120000001,20200701177049,718,0x8,0x4,20.8799992,26.2176189,0.037277855,-0.0552673563,4.60690171e-05,30,1.03600001,1
554,718108400000362,128020074,2459034.7003718093,59034.2007407,18.49547,0.0397692658,0,zg,206.0255672,39.4715474,0.759000003,0.0289999992,20200704200729,718,0x8,0x4,20.5200005,26.2778454,0.0370292999,-0.0618847795,5.39441317e-05,30,1.09200001,1
555,718108400000362,128220097,2459036.7004688657,59036.2009722,18.5764999,0.0420497507,0,zg,206.0255494,39.4715176,1.38600004,0.130999997,20200706200903,718,0x8,0x4,20.8600006,26.2882748,0.0338308997,-0.080681026,3.82651851e-05,30,1.10500002,1
556,718108400000362,128323979,2459037.739218797,59037.2397917,18.6089439,0.0430092029,0,zg,206.0254637,39.4715354,0.702000022,0.0170000009,20200707239792,718,0x8,0x4,19.8400002,26.2266483,0.0484416261,-0.0269309841,0.000138764386,30,1.24600005,1
557,718108400000362,128423916,2459038.738527118,59038.2391667,18.4927635,0.039695885,0,zg,206.0255624,39.4715503,0.375,0.0500000007,20200708239167,718,0x8,0x4,21.2099991,26.239996,0.0329912938,-0.0652538761,3.36626472e-05,30,1.255,1
558,718108400000362,128519925,2459039.698555888,59039.1992593,18.5805588,0.0421683043,0,zg,206.0255159,39.4715485,1.02400005,0.174999997,20200709199248,718,0x8,0x4,21.9699993,26.2745972,0.0271406285,-0.072634615,2.16162716e-05,30,1.12199998,1
559,718108400000362,128622792,2459040.7271566014,59040.2279282,18.515831,0.0403270982,0,zg,206.0255358,39.4715623,1.64600003,0.172000006,20200710227928,718,0x8,0x4,21.8600006,26.29813,0.0294572711,-0.0812187344,2.54754195e-05,30,1.23000002,1
560,718108400000362,128820049,2459042.699596188,59042.2004977,18.5210495,0.0404717028,0,zg,206.0255246,39.4715534,1.79499996,0.137999997,20200712200498,718,0x8,0x4,21.9699993,26.2056694,0.0288568623,-0.0697825551,2.43767208e-05,30,1.14999998,1
561,718108400000362,128920445,2459043.7034887862,59043.204456,18.5027084,0.0399664305,0,zg,206.0254996,39.4715592,1.28900003,0.157000005,20200713204444,718,0x8,0x4,21.6700001,26.220829,0.0266893897,-0.0664217398,2.06566128e-05,30,1.17200005,1
562,718108400000362,129222506,2459046.723906503,59046.2250694,18.5304928,0.0407350287,0,zg,206.0255029,39.4715478,1.09200001,0.075000003,20200716225069,718,0x8,0x4,21.6200008,26.2797661,0.0292088389,-0.0636049435,2.49527257e-05,30,1.29200006,1
563,718108400000362,129519545,2459049.6940994267,59049.1954514,18.4699173,0.039083261,0,zg,206.0255219,39.4715596,1.20799994,0.0399999991,20200719195440,718,0x8,0x4,21.7999992,26.2908382,0.0269818362,-0.0902269781,2.12323594e-05,30,1.19799995,1
564,718108400000362,129520312,2459049.701772539,59049.203125,18.5127144,0.0402410775,0,zg,206.025542,39.4715432,0.488000005,0.0439999998,20200719203090,718,0x8,0x4,21.7900009,26.2828903,0.0264633223,-0.0909283906,2.06869536e-05,30,1.22899997,3
565,718108400000362,129619783,2459050.6964206407,59050.1978356,18.5277786,0.0406591073,0,zg,206.0254919,39.4715482,0.660000026,0.0350000001,20200720197836,718,0x8,0x4,21.3600006,26.273138,0.0313029476,-0.0697575361,2.84711332e-05,30,1.21800005,3
566,718108400000362,129718655,2459051.685074273,59051.1865509,18.5017204,0.0399394445,0,zg,206.0255327,39.4715341,1.43099999,0.0120000001,20200721186551,718,0x8,0x4,21.4400005,26.2479019,0.0322560742,-0.0675135702,3.02709886e-05,30,1.18499994,3
567,718108400000362,129828851,2459052.7869735784,59052.2885185,18.4920177,0.0396756753,0,zg,206.0255183,39.4715779,0.991999984,0.0689999983,20200722288519,718,0x8,0x4,21.1299992,26.100235,0.0367375314,-0.0433769524,4.20008582e-05,30,2.0309999,3
568,718108400000362,129919738,2459053.695783656,59053.1973843,18.4486713,0.0385245644,0,zg,206.0255266,39.4715539,1.53299999,0.218999997,20200723197384,718,0x8,0x4,21.9599991,26.2865524,0.0303130969,-0.0841368884,2.67984742e-05,30,1.25100005,3
569,718108400000362,130024877,2459054.747108378,59054.2487731,18.515337,0.0403134599,0,zg,206.0255084,39.4715602,0.98299998,0.0410000011,20200724248715,718,0x8,0x4,21.2099991,26.1644859,0.0338563696,-0.0439477675,3.43305765e-05,30,1.60800004,3
570,718108400000362,130118142,2459055.6797026205,59055.1814236,18.5430088,0.0410874449,0,zg,206.0255095,39.4715367,0.453000009,-0.0130000003,20200725181424,718,0x8,0x4,21.3700008,26.2472992,0.0260384958,-0.085505046,1.9653382e-05,30,1.20700002,3
571,718108400000362,130226872,2459056.7669407898,59056.2687269,18.4861507,0.0395172574,0,zg,206.0255299,39.471554,0.54400003,0.0149999997,20200726268727,718,0x8,0x4,20.7999992,26.0774021,0.0356735028,-0.0330600813,4.10825596e-05,30,1.89900005,3
572,718108400000362,130319328,2459057.6914461614,59057.193287,18.5095863,0.04015496,0,zg,206.0255447,39.471551,1.35800004,0.155000001,20200727193287,718,0x8,0x4,21.2800007,26.2187347,0.0309487227,-0.0709449127,2.85736369e-05,30,1.28299999,3
573,718108400000362,130527962,2459059.77766686,59059.2796296,18.410862,0.0375561155,0,zg,206.0255945,39.4715718,0.864000022,-0.00999999978,20200729279630,718,0x8,0x4,20.4099998,26.0637474,0.0405256599,-0.0249385294,7.09970191e-05,30,2.21099997,3
574,718108400000362,130622361,2459060.72159415,59060.2236111,18.4511681,0.0385896936,0,zg,206.0255289,39.4715614,0.38499999,0.0320000015,20200730223611,718,0x8,0x4,20.7399998,26.1930218,0.0357898995,-0.0331261978,4.38505012e-05,30,1.53100002,3
575,718108400000362,130819958,2459062.697454606,59062.1995833,18.4844055,0.0394703001,0,zg,206.0255419,39.4715297,0.291999996,0.0250000004,20200801199583,718,0x8,0x4,20.75,26.2024994,0.0307958703,-0.0274338182,3.37576857e-05,30,1.39600003,3
576,718108400000362,130924645,2459063.7442713706,59063.2464583,18.5493279,0.0412668549,0,zg,206.0255345,39.4715742,0.279000014,-0.023,20200802246424,718,0x8,0x4,20.0799999,26.1227741,0.0388050936,-0.0361714549,7.80410992e-05,30,1.85599995,3
577,718108400000362,131122710,2459065.7248114995,59065.2271065,18.5619678,0.0416287221,0,zg,206.0254637,39.4715709,0.458000004,0.0320000015,20200804227037,718,0x8,0x4,19.7000008,26.1368027,0.0423962437,-0.0267772283,0.0001189295,30,1.69200003,3
578,718108400000362,131220614,2459066.703798399,59066.2061458,18.5172386,0.0403660424,0,zg,206.0255631,39.4715472,0.513000011,0.0109999999,20200805206146,718,0x8,0x4,20.3099995,26.1725655,0.0355784521,-0.0364506729,5.66855706e-05,30,1.52199996,3
579,718108400000362,131322480,2459067.7224019542,59067.2248032,18.4617805,0.0388680361,0,zg,206.0255596,39.4715892,0.887000024,0.112999998,20200806224803,718,0x8,0x4,20.3999996,26.1719646,0.0375360362,-0.0228660982,5.52066995e-05,30,1.72599995,3
580,718108400000362,131418442,2459068.6819700687,59068.1844213,18.4551849,0.0386947244,0,zg,206.0255313,39.4715529,0.549000025,0.0390000008,20200807184398,718,0x8,0x4,21.5799999,26.2508831,0.029282188,-0.0540251583,2.54946408e-05,30,1.40400004,3
581,718108400000362,131622263,2459070.7200836623,59070.2226389,18.5101776,0.0401712209,0,zg,206.0255201,39.4715559,0.768000007,0.0680000037,20200809222604,718,0x8,0x4,21.2700005,26.1551571,0.0324696377,-0.0380304828,3.2070715e-05,30,1.79700005,3
582,718108400000362,131821646,2459072.7138160514,59072.2164699,18.5104046,0.0401774496,0,zg,206.025522,39.4715673,1.09000003,0.0799999982,20200811216447,718,0x8,0x4,21.0300007,26.0647469,0.0338896774,-0.0401079319,3.60820013e-05,30,1.78799999,3
583,718108400000362,131924157,2459073.7388707534,59073.2415741,18.4477711,0.0385011248,0,zg,206.0255514,39.4715704,0.712000012,0.0299999993,20200812241539,718,0x8,0x4,20.6299992,26.0144577,0.0363210067,-0.0357967988,4.59136754e-05,30,2.21399999,3
584,718108400000362,132020560,2459074.7028528387,59074.2056019,18.4934502,0.0397144891,0,zg,206.0254966,39.4715658,1.21300006,0.131999999,20200813205602,718,0x8,0x4,21.2299995,26.0088844,0.0322877653,-0.0311411414,3.15959696e-05,30,1.72500002,3
585,718108400000362,132117526,2459075.672471928,59075.1752662,18.7828827,0.0486378036,32768,zg,206.0254737,39.4715401,1.00899994,0.211999997,20200814175266,718,0x8,0x4,19.5699997,24.4698582,0.146823213,0.0034805676,0.00199670508,30,1.47300005,3
586,718108400000362,132217884,2459076.6760023446,59076.1788426,18.5294456,0.040705733,0,zg,206.0255321,39.4715508,1.09099996,0.0869999975,20200815178843,718,0x8,0x4,21.4300003,25.9888287,0.0308958795,-0.047610458,2.87062048e-05,30,1.52199996,3
587,718108400000362,132322177,2459077.718883632,59077.2217708,18.5297318,0.0407137387,0,zg,206.0255272,39.4715404,0.665000021,0.103,20200816221771,718,0x8,0x4,20.7600002,25.8313313,0.0449246317,-0.0220194757,6.90732049e-05,30,2.05599999,3
588,718108400000362,132419907,2459078.6961438945,59078.1990741,18.5089569,0.0401376598,0,zg,206.0255241,39.471554,1.53100002,0.107000001,20200817199063,718,0x8,0x4,20.9500008,25.9687176,0.036904294,-0.0621638671,4.39652213e-05,30,1.77600002,3
589,718108400000362,132619552,2459080.6925052865,59080.1955208,18.4855709,0.039501667,0,zg,206.0255186,39.4715717,0.662,0.0,20200819195509,718,0x8,0x4,20.4300003,25.560463,0.0405368358,-0.0239428971,6.62212478e-05,30,1.79900002,3
590,718108400000362,132722156,2459081.7185045243,59081.2215625,18.3450756,0.035947144,32768,zg,206.0254312,39.4715238,0.333999991,0.0130000003,20200820221528,718,0x8,0x4,20.0499992,25.2196712,0.0498582758,0.00693365093,0.000140795368,30,2.25,3
591,718108400000362,132820254,2459082.6994486963,59082.2025463,18.4782791,0.0393060297,32768,zg,206.0254988,39.4715182,0.898000002,-0.0160000008,20200821202512,718,0x8,0x4,20.1700001,25.250515,0.055666361,0.00265636039,0.0001371978,30,1.96800005,3
592,718108400000362,142450773,2459179.005839795,59178.5077315,18.4214211,0.0378232859,0,zg,206.025489,39.4715658,0.824999988,0.0489999987,20201125507732,718,0x8,0x4,21.4300003,26.162571,0.0307625979,-0.060802605,2.73859841e-05,30,2.0710001,1
593,718108400000362,143053091,2459185.029396072,59184.5309144,18.3859005,0.0369343981,0,zg,206.0254354,39.4715412,0.626999974,0.064000003,20201201530914,718,0x8,0x4,20.4500008,26.2525101,0.0484252088,-0.0516293161,8.74812031e-05,30,1.58299994,1
594,718108400000362,143252976,2459187.0283784294,59186.5297685,18.4981537,0.0398422144,0,zg,206.0257809,39.4715826,0.67900002,0.123999998,20201203529768,718,0x8,0x4,18.6299992,26.2565269,0.0424339771,-0.0544647723,0.000350724877,30,1.54499996,1
595,718108400000362,143454480,2459189.043544424,59188.5448032,18.4480934,0.0385095403,0,zg,206.0255111,39.4715614,0.861999989,0.0909999982,20201205544780,718,0x8,0x4,20.8400002,26.285244,0.0349013135,-0.0630276948,3.93778137e-05,30,1.39400005,1
596,718108400000362,143946699,2459193.96605984,59193.4669907,18.4285374,0.0380048007,0,zg,206.0255112,39.4715898,0.686999977,0.0410000011,20201210466991,718,0x8,0x4,20.7199993,26.1082592,0.0379956029,-0.0351084471,4.78658039e-05,30,2.06800008,1
597,718108400000362,144154502,2459196.044233455,59195.5450231,18.3356209,0.0357236303,0,zg,206.0255736,39.471601,1.64100003,0.00300000003,20201212545023,718,0x8,0x4,20.3899994,25.9850426,0.0377163365,-0.0491791517,5.39635257e-05,30,1.28600001,1
598,718108400000362,144454872,2459199.048143554,59198.5487269,18.3974247,0.0372197181,0,zg,206.025492,39.4715793,0.883000016,0.00400000019,20201215548692,718,0x8,0x4,21.2299995,26.3169727,0.0357266665,-0.0824907869,3.66411405e-05,30,1.23099995,1
599,718108400000362,144645223,2459200.9517822484,59200.4522338,18.3648548,0.0364209451,32768,zg,206.0253251,39.4715027,0.921000004,0.0379999988,20201217452222,718,0x8,0x4,19.6299992,24.6371479,0.0463467315,-0.0567767732,0.000157814837,30,1.99800003,1
600,718108400000362,144953420,2459204.0339648128,59203.5342014,18.4036198,0.0373742804,0,zg,206.0254424,39.4714561,0.917999983,-0.00100000005,20201220534167,718,0x8,0x4,20.7000008,26.2965279,0.0433291458,-0.0767258331,6.31924922e-05,30,1.23500001,1
601,718108400000362,145253912,2459207.0390944607,59206.5391204,18.07658,0.0302920043,32768,zg,206.0255132,39.471521,1.31599998,-0.435000002,20201223539120,718,0x8,0x4,18.6200008,23.4504414,0.06692148,-0.0138540948,0.00103852234,30,1.18400002,2
602,718108400000362,146353616,2459218.0369139723,59217.536169,18.4365196,0.038209755,0,zg,206.0255092,39.4715542,0.694999993,0.0769999996,20210103536157,718,0x8,0x4,20.6399994,26.1825886,0.0349429138,-0.0749471411,4.5175133e-05,30,1.10300004,1
603,718108400000362,146545673,2459219.957614302,59219.4567361,18.4065018,0.0374465063,0,zg,206.0254877,39.4715629,0.72299999,0.0590000004,20210105456736,718,0x8,0x4,20.7900009,26.2713909,0.0362281725,-0.0771559253,4.25826074e-05,30,1.41700006,1
604,718108400000362,146748469,2459221.985717204,59221.4846991,18.4240398,0.03788995,0,zg,206.025498,39.4715537,0.720000029,0.0189999994,20210107484676,718,0x8,0x4,21.3199997,26.279108,0.0324994959,-0.0883895755,3.04708901e-05,30,1.23699999,1
605,718108400000362,146953612,2459224.03728126,59223.5361227,18.40905,0.037510518,0,zg,206.0254696,39.4715588,0.601000011,0.0280000009,20210109536123,718,0x8,0x4,21.2700005,26.3329945,0.031168621,-0.089108102,2.85428687e-05,30,1.06799996,1
606,718108400000362,147147609,2459225.9773896597,59225.4760995,18.3255882,0.0354885235,0,zg,206.0255358,39.4716558,0.838999987,-0.0710000023,20210111476100,718,0x8,0x4,20.2600002,26.2488632,0.0379503109,-0.0486386903,6.05050482e-05,30,1.227,1
607,718108400000362,147346751,2459227.968935516,59227.4675116,18.4316235,0.03808387,0,zg,206.0255242,39.4715532,0.838,0.0149999997,20210113467454,718,0x8,0x4,21.5900002,26.2137394,0.030565083,-0.0920271128,2.71436038e-05,30,1.24000001,1
608,718108400000362,147742618,2459231.927865613,59231.4261806,18.4321594,0.0380976051,0,zg,206.0255022,39.4715529,0.888999999,0.0729999989,20210117426169,718,0x8,0x4,21.6599998,26.2794056,0.0282743275,-0.0871407464,2.30639635e-05,30,1.40199995,1
609,718108400000362,149544868,2459249.951442946,59249.4486806,18.3859119,0.0369346924,0,zg,206.0254831,39.4715536,0.948000014,-0.0140000004,20210204448681,718,0x8,0x4,20.5599995,26.3087177,0.036090266,-0.0687896982,4.64498262e-05,30,1.10300004,1
610,718108400000362,149743550,2459251.9383764258,59251.4355093,18.4163132,0.0376937129,0,zg,206.0254984,39.4715656,0.635999978,0.0540000014,20210206435498,718,0x8,0x4,21.6599998,26.3253498,0.0277061574,-0.0732806996,2.18587502e-05,30,1.12300003,1
611,718108400000362,149938703,2459253.8900038414,59253.387037,18.4961338,0.0397872999,0,zg,206.0254996,39.4715565,0.758000016,0.00400000019,20210208387037,718,0x8,0x4,21.7199993,26.2896843,0.0298193339,-0.0818783194,2.56729181e-05,30,1.28400004,1
612,718108400000362,150138908,2459255.8921513604,59255.3890856,18.4852104,0.0394919775,0,zg,206.0255157,39.4715728,0.588999987,0.0359999985,20210210389086,718,0x8,0x4,21.8899994,26.3016129,0.0308623519,-0.0932231396,2.70853088e-05,30,1.24899995,1
613,718108400000362,150338563,2459257.888797441,59257.3856366,18.3740387,0.036643818,0,zg,206.0254517,39.4715608,0.800999999,0.0160000008,20210212385637,718,0x8,0x4,20.8099995,26.1967926,0.0369605757,-0.0645100251,4.40574149e-05,30,1.24000001,1
614,718108400000362,150850604,2459263.0094293007,59262.5060417,18.4145851,0.0376500338,0,zg,206.0255211,39.4715295,1.18499994,0.0299999993,20210217506042,718,0x8,0x4,21.3999996,26.3364868,0.0323643461,-0.0996613801,2.96548151e-05,30,1.00899994,1
615,718108400000362,151040469,2459264.908164238,59264.4046991,18.4546871,0.0386817046,0,zg,206.0255244,39.4715677,1.00800002,0.0610000007,20210219404699,718,0x8,0x4,21.9799995,26.3558578,0.0293393768,-0.0888950676,2.49502955e-05,30,1.11099994,1
616,718108400000362,151249527,2459266.9988241214,59266.4952778,18.3950195,0.0371599197,0,zg,206.0256427,39.471542,0.810000002,0.108000003,20210221495278,718,0x8,0x4,20.6599998,26.3332272,0.037355233,-0.07842011,4.7841193e-05,30,1.00899994,1
617,718108400000362,151449716,2459269.000784226,59268.4971644,18.4252262,0.0379201919,0,zg,206.0255359,39.4715554,1.773,0.195999995,20210223497164,718,0x8,0x4,21.7900009,26.3443851,0.0273407251,-0.0692748949,2.12520172e-05,30,1.01199996,1
618,718108400000362,151643668,2459270.94037682,59270.4366898,18.4227448,0.0378569737,0,zg,206.0255461,39.4715239,0.852999985,0.0689999983,20210225436609,718,0x8,0x4,20.5599995,26.2925835,0.0391836055,-0.0300738402,5.55125844e-05,30,1.02699995,1
619,718108400000362,151843576,2459272.9395159776,59272.4357639,18.5245705,0.0405696183,0,zg,206.0255061,39.4715724,0.774999976,0.0759999976,20210227435764,718,0x8,0x4,19.8299999,26.3073101,0.038050022,-0.0515198559,8.27535478e-05,30,1.023,1
620,718108400000362,152047650,2459274.98031863,59274.4765046,18.3610649,0.0363295078,0,zg,206.0254408,39.4715293,0.216999993,0.00200000009,20210301476377,718,0x8,0x4,19.8799992,26.3170395,0.0399687402,-0.0392990746,7.99472182e-05,30,1.00999999,1
621,718108400000362,152130093,2459275.8047751933,59275.3009375,18.3842392,0.0368935317,0,zg,206.0254997,39.4715375,0.744000018,-0.0260000005,20210302300926,718,0x8,0x4,20.2999992,26.2573223,0.0393979065,-0.0648918524,6.43770836e-05,30,1.43599999,3
622,718108400000362,152243703,2459276.940906229,59276.437037,18.4605808,0.0388364531,0,zg,206.0255072,39.4715501,0.61500001,0.00400000019,20210303436968,718,0x8,0x4,20.9899998,26.3137417,0.0320064127,-0.0599044301,3.17595368e-05,30,1.01400006,3
623,718108400000362,152432609,2459278.8300178205,59278.3260995,18.3972092,0.0372143537,0,zg,206.0255111,39.471543,0.736000001,0.0189999994,20210305326100,718,0x8,0x4,21.2999992,26.2889099,0.0305239782,-0.0793973804,2.68405965e-05,30,1.25,3
624,718108400000362,152638803,2459280.89199977,59280.3880324,18.3940239,0.0371352173,0,zg,206.0255203,39.4715518,1.01999998,0.0670000017,20210307388032,718,0x8,0x4,21.3999996,26.1548347,0.0308511499,-0.0792224929,2.77210056e-05,30,1.05499995,3
625,718108400000362,152638898,2459280.8929488924,59280.3889815,18.4316101,0.0380835049,0,zg,206.0255114,39.4715376,0.913999975,0.0109999999,20210307388982,718,0x8,0x4,21.2299995,26.2086658,0.0318896957,-0.074273102,3.02545286e-05,30,1.05299997,1
626,718108400000362,153640656,2459290.9106975407,59290.4065625,18.4078102,0.0374793634,0,zg,206.0255184,39.4715619,1.69700003,0.196999997,20210317406551,718,0x8,0x4,22.0,26.327673,0.0271158759,-0.0845684707,2.08324254e-05,30,1.00999999,3
627,718108400000362,153730774,2459291.8118873574,59291.3077431,18.4002533,0.0372901708,0,zg,206.0255015,39.471572,0.660000026,0.0599999987,20210318307743,718,0x8,0x4,21.8400002,26.2940979,0.0277074818,-0.0870793685,2.1528318e-05,30,1.18099999,1
628,718108400000362,153832704,2459292.8312021582,59292.3270486,18.3509541,0.0360870697,0,zg,206.0255148,39.4715646,0.405999988,0.0820000023,20210319327049,718,0x8,0x4,21.8799992,26.261507,0.0311638582,-0.0802508667,2.75965831e-05,30,1.11399996,3
629,718108400000362,154026594,2459294.770116861,59294.2659491,18.3530617,0.0361374244,0,zg,206.0254902,39.4715995,0.930999994,-0.0430000015,20210321265938,718,0x8,0x4,20.5799999,26.1605988,0.0412854291,-0.0485232323,5.95694983e-05,30,1.33200002,3
630,718108400000362,154128196,2459295.78614104,59295.2819676,18.3813858,0.0368234366,0,zg,206.0255246,39.471583,1.04299998,-0.00100000005,20210322281921,718,0x8,0x4,20.5200005,26.1851273,0.0379076228,-0.0539828576,5.0944549e-05,30,1.24000001,3
631,718108400000362,154634776,2459300.8519495334,59300.3477662,18.4098396,0.0375303626,0,zg,206.0255804,39.4715844,0.861999989,-0.0250000004,20210327347755,718,0x8,0x4,19.8099995,26.2707901,0.0442067906,-0.0478874631,0.000116623014,30,1.03499997,1
632,718108400000362,154834181,2459302.8459959514,59302.3418171,18.3692398,0.0365271121,0,zg,206.025514,39.4715534,0.662999988,0.0860000029,20210329341794,718,0x8,0x4,20.3600006,26.366045,0.0387384556,-0.0559295081,6.1763596e-05,30,1.03499997,1
633,718108400000362,155332969,2459307.8338461565,59307.3296991,18.4155464,0.037674319,0,zg,206.0255255,39.4715584,1.27100003,0.131999999,20210403329699,718,0x8,0x4,22.0699997,26.3076324,0.0264099482,-0.0783069506,2.00911272e-05,30,1.03299999,1
634,718108400000362,155530490,2459309.809033765,59309.3049074,18.4054737,0.0374207385,0,zg,206.0255061,39.4715587,1.10599995,-0.0109999999,20210405304907,718,0x8,0x4,21.7700005,26.3015156,0.0292629711,-0.0894691721,2.47875923e-05,30,1.06200004,1
635,718108400000362,155728112,2459311.7852237904,59311.2811227,18.4838314,0.0394548848,0,zg,206.0254997,39.4715634,0.902999997,0.0270000007,20210407281123,718,0x8,0x4,21.7299995,26.2523232,0.03037793,-0.106201112,2.64252831e-05,30,1.09899998,1
636,718108400000362,155928119,2459313.7852629926,59313.2811921,18.4462299,0.038461037,0,zg,206.0255339,39.4715635,0.736999989,0.00200000009,20210409281157,718,0x8,0x4,21.5499992,26.1755447,0.0292810462,-0.104622021,2.4799152e-05,30,1.08700001,2
637,718108400000362,155928218,2459313.7862583785,59313.2821875,18.3732929,0.0366256349,0,zg,206.0255245,39.4715482,1.14699996,0.0469999984,20210409282153,718,0x8,0x4,21.5799999,26.1761303,0.0295284949,-0.0941193923,2.52815789e-05,30,1.08399999,1
638,718108400000362,155947474,2459313.9788130904,59313.4747454,18.4828167,0.0394276381,0,zg,206.0255319,39.4715655,1.32599998,0.0930000022,20210409474745,718,0x8,0x4,21.1200008,25.9521217,0.0354468077,-0.0612404011,3.83100523e-05,30,1.20899999,2
639,718108400000362,156040524,2459314.9092949927,59314.4052431,18.4281082,0.0379938185,0,zg,206.0255138,39.4715792,1.46599996,0.152999997,20210410405220,718,0x8,0x4,21.9300003,26.3002586,0.0285687149,-0.0708078071,2.36429387e-05,30,1.04100001,2
640,718108400000362,156128056,2459315.7846031915,59315.2805671,18.4577751,0.03876267,32768,zg,206.0254805,39.4715787,0.953000009,0.162,20210411280567,718,0x8,0x4,20.3999996,24.818121,0.0463060215,-0.0646161437,9.59105018e-05,30,1.07700002,1
641,718108400000362,156128849,2459315.7925313497,59315.2884954,18.4649353,0.0389513187,32768,zg,206.0255031,39.4715417,0.726000011,0.0160000008,20210411288495,718,0x8,0x4,20.7000008,24.9803429,0.0403178073,-0.0738624409,6.51213777e-05,30,1.06200004,2
642,718108400000362,156131708,2459315.821118724,59315.3170833,18.4063988,0.0374439321,32768,zg,206.0255309,39.4715621,1.16600001,0.0860000029,20210411317083,718,0x8,0x4,21.1499996,25.4583969,0.0370367542,-0.0748043284,4.57840724e-05,30,1.02400005,2
643,718108400000362,156233626,2459316.840277484,59316.3362616,18.4077778,0.0374785215,0,zg,206.0255187,39.4715491,1.69400001,0.136999995,20210412335891,718,0x8,0x4,22.3099995,26.2918034,0.0319997221,-0.0881571546,2.94869551e-05,30,1.00999999,2
644,718108400000362,156239540,2459316.899419804,59316.3954051,18.4375572,0.0382364914,0,zg,206.0254957,39.4715554,1.88999999,0.215000004,20210412395174,718,0x8,0x4,22.3899994,26.2758312,0.0326212198,-0.0756545886,3.04099976e-05,30,1.03600001,2
645,718108400000362,156325869,2459317.7626892608,59317.2586921,18.4468651,0.0384775586,0,zg,206.0255221,39.4715591,1.07799995,0.0869999975,20210413258692,718,0x8,0x4,22.1499996,26.2862282,0.0285745878,-0.079478547,2.37570548e-05,30,1.11399996,2
646,718108400000362,156326842,2459317.7724228622,59317.2684259,18.4334431,0.0381305814,0,zg,206.0255012,39.4715639,1.20099998,0.0900000036,20210413268391,718,0x8,0x4,22.0699997,26.3117275,0.0297550112,-0.108197808,2.52231512e-05,30,1.09099996,1
647,718108400000362,156347428,2459317.9782750127,59317.4742824,18.4762516,0.0392518491,0,zg,206.0255378,39.4715724,1.10099995,0.108999997,20210413474282,718,0x8,0x4,21.6900005,26.2395668,0.0272985324,-0.089031972,2.14618467e-05,30,1.25300002,2
648,718108400000362,156526064,2459319.7646013773,59319.2606481,18.3716812,0.036586415,0,zg,206.0254652,39.4715859,0.944000006,0.0140000004,20210415260648,718,0x8,0x4,21.0300007,26.2933922,0.0369907953,-0.075678952,4.13931775e-05,30,1.09599996,2
649,718108400000362,156542067,2459319.9246208696,59319.4206713,18.4087219,0.0375022441,0,zg,206.0255556,39.4715612,1.13900006,0.0299999993,20210415420648,718,0x8,0x4,21.1700001,26.2936115,0.0369117782,-0.0979867876,4.09173917e-05,30,1.09399998,2
650,718108400000362,156637049,2459320.8744247383,59320.3704977,18.41502,0.0376610272,0,zg,206.0255183,39.4715531,1.47800004,0.0900000036,20210416370463,718,0x8,0x4,21.75,26.217968,0.0308818202,-0.0909995958,2.78248699e-05,30,1.02100003,2
651,718108400000362,156726423,2459321.7681410047,59321.2642361,18.4096451,0.037525475,0,zg,206.0254933,39.471563,0.602999985,0.0289999992,20210417264236,718,0x8,0x4,22.1800003,26.2735939,0.0297821034,-0.0720848143,2.53345552e-05,30,1.07599998,2
652,718108400000362,156736893,2459321.872837461,59321.3689352,18.4557114,0.0387085341,0,zg,206.0255146,39.4715704,1.02100003,0.135000005,20210417368935,718,0x8,0x4,22.0699997,26.2529373,0.0263324492,-0.0882057846,1.96136025e-05,30,1.02199996,1
653,718108400000362,156736993,2459321.8738328367,59321.3699306,18.4541492,0.0386676267,0,zg,206.0255457,39.4715547,1.89699996,0.201000005,20210417369907,718,0x8,0x4,22.0499992,26.2573566,0.0280939657,-0.0811021626,2.22761391e-05,30,1.023,2
654,718108400000362,156832421,2459322.8280905434,59322.324213,18.3812981,0.036821302,0,zg,206.0255091,39.471578,1.37,0.0649999976,20210418324167,718,0x8,0x4,21.4400005,26.2810555,0.0355778933,-0.0663005337,3.63613653e-05,30,1.00899994,2
655,718108400000362,156926690,2459323.7707618712,59323.2669097,18.4195137,0.0377748348,0,zg,206.0255558,39.4715464,0.953000009,0.0,20210419266910,718,0x8,0x4,21.1399994,26.274538,0.0325206853,-0.0669376627,3.10637952e-05,30,1.06099999,2
656,718108400000362,156930358,2459323.8074391726,59323.303588,18.4276505,0.0379821137,0,zg,206.0255124,39.4715508,1.70000005,0.160999998,20210419303588,718,0x8,0x4,21.6000004,26.2788296,0.0307698715,-0.0648314878,2.7050075e-05,30,1.01699996,1
657,718108400000362,156930453,2459323.808388147,59323.304537,18.4126072,0.0376001038,0,zg,206.0254954,39.471548,0.939999998,0.0649999976,20210419304525,718,0x8,0x4,21.5200005,26.2816772,0.028078286,-0.0635172874,2.26834381e-05,30,1.01699996,2
658,718108400000362,157017707,2459324.6808985285,59324.1770718,18.4475994,0.0384966582,0,zg,206.0255266,39.4715302,1.20000005,0.0270000007,20210420177072,718,0x8,0x4,20.7600002,26.1928768,0.0332012512,-0.0622458123,3.61920975e-05,30,1.37199998,2
659,718108400000362,157039519,2459324.8990173484,59324.3951968,18.4188309,0.037757501,0,zg,206.0255073,39.4715687,1.05900002,0.115000002,20210420395197,718,0x8,0x4,21.8099995,26.2558327,0.0281225536,-0.0536009893,2.28488698e-05,30,1.06900001,2
660,718108400000362,157132116,2459325.824962615,59325.321169,18.3631859,0.0363806337,0,zg,206.0255514,39.471563,0.823000014,0.0370000005,20210421321169,718,0x8,0x4,20.8999996,26.2978611,0.033796709,-0.0662662536,3.50095579e-05,30,1.00800002,2
661,718108400000362,157136809,2459325.871882516,59325.3680903,18.3791294,0.0367681347,0,zg,206.0255236,39.4715678,0.762000024,0.0659999996,20210421368067,718,0x8,0x4,21.2000008,26.2879162,0.0305534713,-0.0729051083,2.78428579e-05,30,1.03199995,2
662,718108400000362,157137521,2459325.8790119034,59325.3752199,18.4371204,0.0382252447,0,zg,206.0255136,39.4715516,1.079,0.0890000015,20210421375220,718,0x8,0x4,21.3700008,26.2752399,0.0317421518,-0.0639986098,2.87556923e-05,30,1.04100001,1
663,718108400000362,157420865,2459328.7123611933,59328.2086574,18.4117317,0.0375780091,0,zg,206.025497,39.4715484,0.869000018,0.057,20210424208646,718,0x8,0x4,20.4699993,26.2536488,0.0395871103,-0.0587888509,5.89388983e-05,30,1.17499995,2
664,718108400000362,157437207,2459328.8757702727,59328.3720718,18.331255,0.0356210396,0,zg,206.0255607,39.4715392,0.566999972,-0.0209999997,20210424372072,718,0x8,0x4,20.3799992,26.2616978,0.040922083,-0.0384975486,6.50188158e-05,30,1.04900002,2
665,718108400000362,157518653,2459329.690210831,59329.1865394,18.4216785,0.0378298312,0,zg,206.025521,39.4715716,0.323000014,0.00300000003,20210425186539,718,0x8,0x4,20.2000008,26.2507191,0.0358786471,-0.0612021908,5.49708893e-05,30,1.25100005,2
666,718108400000362,157534831,2459329.851976224,59329.3483102,18.4181976,0.0377414525,0,zg,206.0254808,39.471542,0.901000023,0.0729999989,20210425348206,718,0x8,0x4,20.2900009,26.2841663,0.0397541709,-0.0377272777,6.36007244e-05,30,1.023,1
667,718108400000362,158018658,2459334.6900767684,59334.1865856,18.421051,0.0378138907,0,zg,206.0255054,39.4715524,1.33000004,0.151999995,20210430186574,718,0x8,0x4,21.8500004,26.2331161,0.0251926631,-0.0649253875,1.8548968e-05,30,1.19500005,2
668,718108400000362,158047325,2459334.9767323337,59334.4732523,18.4950638,0.0397582352,0,zg,206.0255096,39.4715514,0.726999998,0.111000001,20210430473241,718,0x8,0x4,20.5599995,26.1823826,0.0381219573,-0.0360467955,5.28510827e-05,30,1.53400004,2
669,718108400000362,158128378,2459335.787233093,59335.2837847,18.4380283,0.0382486358,0,zg,206.0255292,39.4715511,1.61800003,0.0890000015,20210501283773,718,0x8,0x4,21.5699997,26.1963215,0.028685689,-0.0630277693,2.41855869e-05,30,1.00999999,2
670,718108400000362,158128472,2459335.788170556,59335.2847222,18.4458084,0.0384500995,0,zg,206.0255231,39.4715548,0.838999987,0.0710000023,20210501284722,718,0x8,0x4,21.6200008,26.1971588,0.0283093043,-0.0597323105,2.32878847e-05,30,1.00999999,1
671,718108400000362,158441216,2459338.9154844647,59338.4121644,18.4492188,0.0385388508,0,zg,206.0255116,39.4715435,0.851000011,0.0270000007,20210504412164,718,0x8,0x4,21.3899994,26.2263641,0.028708417,-0.0742349699,2.43021241e-05,30,1.23199999,1
672,718108400000362,158636082,2459340.8640574506,59340.3608218,18.4089661,0.0375083834,0,zg,206.0255124,39.471552,1.41400003,0.0670000017,20210506360810,718,0x8,0x4,21.5100002,26.2689533,0.0333842561,-0.0846556351,3.25167639e-05,30,1.08800006,1
673,718108400000362,158834356,2459342.8467110754,59342.3435648,18.4562416,0.0387224443,0,zg,206.0255314,39.4715406,1.28900003,0.0410000011,20210508343565,718,0x8,0x4,21.6800003,26.249506,0.0330563597,-0.0780435577,3.1634132e-05,30,1.06500006,1
674,718108400000362,158929167,2459343.794780545,59343.2916782,18.4567261,0.0387351327,0,zg,206.0255179,39.4715432,0.896000028,0.0860000029,20210509291678,718,0x8,0x4,21.8299999,26.2090855,0.0305986907,-0.0650436878,2.68196509e-05,30,1.01100004,3
675,718108400000362,159030142,2459344.8044783007,59344.3014236,18.4214725,0.037824586,0,zg,206.0255202,39.4715575,0.99000001,0.0540000014,20210510301424,718,0x8,0x4,22.2999992,26.2665539,0.0295098554,-0.0890155882,2.53126236e-05,30,1.01900005,3
676,718108400000362,159030241,2459344.8054736527,59344.302419,18.4466133,0.038471017,0,zg,206.0254851,39.471555,1.66600001,0.191,20210510302384,718,0x8,0x4,22.2600002,26.2428493,0.0268588662,-0.0769893005,2.07274497e-05,30,1.01900005,1
677,718108400000362,159125975,2459345.76363366,59345.2597569,18.373558,0.0366321094,0,zg,206.0255285,39.4715605,1.02600002,0.0670000017,20210511259711,718,0x8,0x4,22.7600002,28.3054028,0.0481124334,-0.0445718095,6.62716266e-05,180,1.00899994,2
678,718108400000362,159136626,2459345.869265112,59345.3662616,18.4524364,0.0386228226,0,zg,206.0255292,39.4715552,0.612999976,0.00899999961,20210511366262,718,0x8,0x4,21.6499996,26.2667599,0.0293035768,-0.108060218,2.49374825e-05,30,1.13699996,3
679,718108400000362,159234168,2459346.8446456464,59346.3416898,18.4315739,0.0380825847,0,zg,206.0255138,39.4715532,1.53100002,0.166999996,20210512341690,718,0x8,0x4,21.9799995,26.2416458,0.0273557715,-0.0864857882,2.13801959e-05,30,1.08200002,3
680,718108400000362,159234361,2459346.8465668503,59346.3436111,18.449604,0.0385488868,0,zg,206.0255108,39.4715604,1.17799997,0.101999998,20210512343576,718,0x8,0x4,22.0,26.2467804,0.0281529017,-0.0765291154,2.26611246e-05,30,1.08599997,1
681,718108400000362,159434819,2459348.8510497813,59348.3481944,18.4749908,0.0392182395,0,zg,206.0255158,39.4715601,1.11500001,0.128000006,20210514348194,718,0x8,0x4,21.9899998,26.2333279,0.0294259712,-0.0842894837,2.46399832e-05,30,1.11000001,1
682,718108400000362,159434913,2459348.8519872334,59348.3491319,18.4316368,0.038084209,0,zg,206.0255188,39.4715521,0.712000012,0.0260000005,20210514349132,718,0x8,0x4,22.0,26.2316895,0.0287714209,-0.0735685453,2.390997e-05,30,1.11199999,3
683,718108400000362,159524047,2459349.743284233,59349.2404745,18.4873123,0.0395485759,0,zg,206.0255306,39.4715566,0.726000011,0.0649999976,20210515240475,718,0x8,0x4,22.1100006,26.2679482,0.0288940817,-0.076319918,2.3841656e-05,30,1.01300001,3
684,718108400000362,159822019,2459352.7228497057,59352.2201968,18.4209919,0.0378123745,0,zg,206.025489,39.4715764,1.06299996,0.0460000001,20210518220081,718,0x8,0x4,21.2000008,26.2250481,0.0309953783,-0.0707514361,2.79701526e-05,30,1.01999998,1
685,718108400000362,159822113,2459352.7237871583,59352.2211343,18.4329243,0.038117256,0,zg,206.0255256,39.4715558,1.25100005,0.0480000004,20210518221134,718,0x8,0x4,21.0900002,26.2210503,0.0364800952,-0.0664138496,3.88584158e-05,30,1.01999998,3
686,718108400000362,159934759,2459353.850184483,59353.3475926,18.4515228,0.0385989323,0,zg,206.0255109,39.4715514,1.51300001,0.0769999996,20210519347593,718,0x8,0x4,21.4500008,26.2507133,0.0321034305,-0.0836277455,2.95953887e-05,30,1.14699996,3
687,718108400000362,160036439,2459354.866934221,59354.3643981,18.4989777,0.039864637,0,zg,206.0255817,39.4714933,0.879000008,-0.00200000009,20210520364363,718,0x8,0x4,20.3799992,26.2425385,0.0398967117,-0.0608144291,6.00822241e-05,30,1.21500003,3
688,718108400000362,160036534,2459354.8678832618,59354.3653472,18.4852314,0.0394925177,0,zg,206.0254812,39.4715176,0.938000023,0.0140000004,20210520365336,718,0x8,0x4,20.5900002,26.2356968,0.0363426544,-0.050926175,4.69746483e-05,30,1.21899998,1
689,718108400000362,160130445,2459355.806939991,59355.304456,18.4345112,0.0381580442,0,zg,206.0255215,39.471471,0.768999994,0.112999998,20210521304329,718,0x8,0x4,19.8600006,26.278595,0.0385917947,-0.0681854635,8.50597862e-05,30,1.05799997,3
690,718108400000362,160222319,2459356.7256268607,59356.2231944,18.4288349,0.0380123928,0,zg,206.0254803,39.4715738,1.00800002,-0.0320000015,20210522223067,718,0x8,0x4,20.5699997,26.2699413,0.0349451788,-0.0340980366,4.37820818e-05,30,1.01199996,3
691,718108400000362,160441072,2459358.9130367204,59358.4107292,18.5132618,0.0402561612,0,zg,206.0255397,39.4715508,0.542999983,0.0170000009,20210524410729,718,0x8,0x4,19.8899994,26.1336975,0.0428961329,-0.0373037569,9.50501126e-05,30,1.55900002,1
692,718108400000362,160441166,2459358.9139741645,59358.4116667,18.3963146,0.0371920839,0,zg,206.0255338,39.4715593,0.763000011,0.0460000001,20210524411667,718,0x8,0x4,19.9699993,26.1159878,0.039510943,-0.0350436307,7.96577588e-05,30,1.56799996,3
693,718108400000362,160528751,2459359.7897683443,59359.2875116,18.5246143,0.0405708477,0,zg,206.0254951,39.4715667,0.662,-0.0170000009,20210525287512,718,0x8,0x4,20.3899994,26.2292843,0.048532337,-0.0493466444,9.25384811e-05,30,1.04900002,3
694,718108400000362,160726390,2459361.766040975,59361.2639005,18.4720383,0.0391396023,0,zg,206.0255221,39.4715506,0.393999994,-0.0170000009,20210527263854,718,0x8,0x4,20.9200001,26.3023758,0.0319606178,-0.0679455549,3.50091359e-05,30,1.02600002,3
695,718108400000362,160726489,2459361.767036216,59361.2648958,18.4841022,0.0394621603,0,zg,206.0255491,39.471561,0.421999991,-0.0109999999,20210527264861,718,0x8,0x4,20.8600006,26.3055172,0.0310024898,-0.0473779924,3.23379209e-05,30,1.02699995,1
696,718108400000362,160820362,2459362.7057071235,59362.2036227,18.4818382,0.039401371,0,zg,206.0255173,39.4715469,1.01900005,0.123000003,20210528203611,718,0x8,0x4,21.5799999,26.3163204,0.0298938956,-0.0639572516,2.61341211e-05,30,1.01300001,3
697,718108400000362,160926322,2459363.765249832,59363.2632292,18.4789543,0.0393241122,0,zg,206.0255338,39.471557,0.49000001,-0.0260000005,20210529263206,718,0x8,0x4,21.3400002,26.3323879,0.0342449211,-0.0894502774,3.35261066e-05,30,1.03100002,1
698,718108400000362,160926472,2459363.76674274,59363.2647222,18.4888401,0.0395897627,0,zg,206.0255123,39.4715581,1.02199996,0.0500000007,20210529264688,718,0x8,0x4,21.3199997,26.3183079,0.0299746506,-0.0624406934,2.62518697e-05,30,1.03299999,3
699,718108400000362,161228104,2459366.7828774806,59366.2810417,18.4615059,0.0388608165,32768,zg,206.0255079,39.471576,1.301,0.136999995,20210601280949,718,0x8,0x4,21.7999992,26.1218052,0.0368740372,-0.0608239435,3.90403729e-05,30,1.07000005,1
700,718108400000362,161228197,2459366.7838149234,59366.2819792,18.3972054,0.0372142605,32768,zg,206.0254996,39.4715591,1.20299995,0.0989999995,20210601281979,718,0x8,0x4,21.6599998,25.9481068,0.0435212813,-0.0674610808,5.44366994e-05,30,1.07200003,3
701,718108400000362,161328057,2459367.7823522803,59367.2805787,18.4766617,0.0392627977,0,zg,206.0254929,39.4715366,1.30700004,0.202000007,20210602280579,718,0x8,0x4,21.7900009,26.135025,0.0269498881,-0.0827257037,2.06398563e-05,30,1.07500005,3
702,718108400000362,161420188,2459368.7036024607,59368.2018866,18.476675,0.0392631814,0,zg,206.0255434,39.4715455,1.29299998,0.165999994,20210603201875,718,0x8,0x4,22.1100006,26.2612762,0.0306989383,-0.0745587721,2.70736109e-05,30,1.00800002,1
703,718108400000362,161624450,2459370.7460888107,59370.2445023,18.4469872,0.0384807512,0,zg,206.0255209,39.4715481,1.13999999,0.0599999987,20210605244502,718,0x8,0x4,21.7900009,26.2783833,0.0276412815,-0.0802847669,2.22062099e-05,30,1.03199995,1
704,718108400000362,161819937,2459372.7008361435,59372.199375,18.7054482,0.0460279807,32768,zg,206.0254649,39.4715158,1.14999998,0.209999993,20210607199375,718,0x8,0x4,20.2999992,24.9624348,0.0703570768,-0.0716970861,0.000232240433,30,1.00800002,1
705,718108400000362,162023708,2459374.738412246,59374.2370833,18.4403896,0.0383096375,0,zg,206.025509,39.4715623,0.745000005,0.119999997,20210609236979,718,0x8,0x4,21.3600006,26.086544,0.0311540104,-0.0860757902,2.89367235e-05,30,1.03600001,1
706,718108400000362,162224065,2459376.741857337,59376.2406597,18.4857311,0.0395059623,0,zg,206.0255582,39.4715578,1.06900001,0.0659999996,20210611240660,718,0x8,0x4,21.7299995,26.2962189,0.0296745468,-0.0799272507,2.56105213e-05,30,1.04799998,3
707,718108400000362,162224159,2459376.742794775,59376.2415972,18.4645119,0.0389400981,0,zg,206.0255523,39.471548,1.15100002,0.0850000009,20210611241597,718,0x8,0x4,21.7399998,26.2928543,0.0270096585,-0.069438912,2.10144717e-05,30,1.04900002,1
708,718108400000362,162330153,2459377.8026669915,59377.3015394,18.4830647,0.0394342951,0,zg,206.0255219,39.4715384,1.48300004,0.160999998,20210612301539,718,0x8,0x4,21.7299995,26.2743721,0.0253007878,-0.0739495158,1.81162068e-05,30,1.21500003,3
709,718108400000362,162421435,2459378.7154190536,59378.2143519,18.4359093,0.0381940305,0,zg,206.0255284,39.4715582,0.764999986,0.103,20210613214329,718,0x8,0x4,21.8899994,26.3202133,0.0271850806,-0.0727944076,2.12173454e-05,30,1.023,3
710,718108400000362,162421528,2459378.716356491,59378.2152894,18.4801197,0.0393552929,0,zg,206.0255392,39.4715672,1.10500002,0.0540000014,20210613215289,718,0x8,0x4,21.8500004,26.3116913,0.0264679119,-0.0671729594,2.00783834e-05,30,1.02400005,1
711,718108400000362,162530218,2459379.8031822573,59379.3021875,18.4786835,0.0393168405,0,zg,206.0255147,39.4715634,0.94599998,0.111000001,20210614302153,718,0x8,0x4,21.3400002,26.0431499,0.0340497829,-0.0717095956,3.43092397e-05,30,1.24000001,2
712,718108400000362,162530312,2459379.804119695,59379.303125,18.4754791,0.0392312407,0,zg,206.0255143,39.4715518,1.102,0.127000004,20210614303125,718,0x8,0x4,21.2700005,26.0049152,0.0361813493,-0.0704723895,3.91466892e-05,30,1.245,3
713,718108400000362,162626047,2459380.7614053264,59380.2604745,18.5761566,0.0420397446,32768,zg,206.0254788,39.4715408,0.629000008,0.0390000008,20210615260475,718,0x8,0x4,20.5400009,25.2900963,0.03999741,-0.0282183532,6.00071799e-05,30,1.10899997,1
714,718108400000362,162626246,2459380.763395992,59380.2624653,18.4973907,0.0398214571,32768,zg,206.0254891,39.4715531,1.08000004,0.145999998,20210615262442,718,0x8,0x4,20.5,25.2997952,0.0419661179,-0.0501810722,6.7674031e-05,30,1.11399996,3
715,718108400000362,162822063,2459382.721436044,59382.2206366,18.4961071,0.0397865549,0,zg,206.0254845,39.4715403,1.24300003,0.165999994,20210617220625,718,0x8,0x4,21.2000008,26.0557098,0.03065392,-0.0448054336,2.8356817e-05,30,1.04299998,1
716,718108400000362,163128100,2459385.781599907,59385.2810069,18.4400425,0.0383006744,0,zg,206.0255178,39.4715343,1.04999995,-0.074000001,20210620281007,718,0x8,0x4,20.4400005,26.2072716,0.0418074429,-0.0616911426,6.48762143e-05,30,1.22000003,2
717,718108400000362,163128194,2459385.782537343,59385.2819444,18.4981728,0.0398427285,0,zg,206.0255484,39.471566,0.870999992,0.0610000007,20210620281944,718,0x8,0x4,20.3899994,26.1837349,0.0396861993,-0.0468824357,6.18641789e-05,30,1.22399998,3
718,718108400000362,163228261,2459386.7831408973,59386.2826157,18.4707718,0.0391059555,0,zg,206.0255096,39.4715752,0.254999995,0.00499999989,20210621282616,718,0x8,0x4,20.4099998,26.2013454,0.0342254527,-0.0625861138,4.65234916e-05,30,1.23800004,3
719,718108400000362,163228354,2459386.7840668387,59386.2835417,18.524622,0.0405710489,0,zg,206.0255548,39.4715416,0.992999971,-0.0719999969,20210621283542,718,0x8,0x4,20.4400005,26.2095337,0.0368458219,-0.0680974647,5.35434447e-05,30,1.24300003,1
720,718108400000362,163328627,2459387.78673026,59387.2862731,18.4969559,0.0398096219,0,zg,206.0255468,39.4715582,0.317000002,0.0120000001,20210622286227,718,0x8,0x4,20.3400002,26.1392097,0.0403040946,-0.0546887927,6.43577368e-05,30,1.26699996,2
721,718108400000362,163328721,2459387.7876676954,59387.2872106,18.4666042,0.038995456,0,zg,206.0255515,39.4715708,1.22800004,-0.0120000001,20210622287211,718,0x8,0x4,20.3899994,26.1236591,0.0363299102,-0.0663308501,5.35568688e-05,30,1.27199996,3
722,718108400000362,163619855,2459390.6988126235,59390.1985532,18.4498634,0.0385556333,0,zg,206.0255429,39.4715779,0.842999995,0.00400000019,20210625198542,718,0x8,0x4,20.7700005,26.3042355,0.0352815166,-0.0491152257,4.23440179e-05,30,1.04200006,3
723,718108400000362,163619949,2459390.699750063,59390.1994907,18.5517445,0.0413357243,0,zg,206.0255774,39.4715557,0.547999978,0.0560000017,20210625199491,718,0x8,0x4,20.7099991,26.3147755,0.0381666794,-0.0660409182,4.94801498e-05,30,1.04400003,1
724,718108400000362,163720150,2459391.7016958366,59391.2015046,18.5281944,0.0406707339,0,zg,206.0255306,39.4715766,1.15999997,-0.00700000022,20210626201493,718,0x8,0x4,21.1000004,26.27104,0.0345667116,-0.0619136766,3.52807729e-05,30,1.051,2
725,718108400000362,163720625,2459391.706440912,59391.20625,18.4794464,0.0393372513,0,zg,206.0255144,39.4715539,0.917999983,0.0900000036,20210626206250,718,0x8,0x4,20.9500008,26.2739334,0.0361557119,-0.0462081097,4.05055944e-05,30,1.05799997,3
726,718108400000362,163825974,2459392.759864652,59392.2597454,18.4926739,0.0396934263,0,zg,206.0255205,39.4715468,0.718999982,0.074000001,20210627259676,718,0x8,0x4,20.7800007,26.2068901,0.0352657475,-0.0321172662,4.11487381e-05,30,1.21200001,3
727,718108400000362,163826087,2459392.7609987725,59392.2608796,18.5310059,0.0407494195,0,zg,206.025516,39.4715641,0.870999992,0.00899999961,20210627260775,718,0x8,0x4,20.9099998,26.2184525,0.0341081806,-0.0482222959,3.7817852e-05,30,1.21599996,1
728,718108400000362,163926524,2459393.765293994,59393.2652431,18.5626755,0.0416491069,0,zg,206.0255651,39.4715489,0.913999975,0.126000002,20210628265208,718,0x8,0x4,21.3600006,26.2277527,0.0344222523,-0.0731105357,3.46719607e-05,30,1.24600005,2
729,718108400000362,163926730,2459393.7673539515,59393.2673032,18.4991302,0.0398687944,0,zg,206.0255193,39.4715128,0.711000025,0.0900000036,20210628267234,718,0x8,0x4,21.1700001,26.1824608,0.0312020741,-0.0423030145,2.88286446e-05,30,1.255,3
730,718108400000362,164019809,2459394.698077839,59394.1980903,18.5478935,0.0412260555,0,zg,206.0255048,39.4715568,1.49100006,0.194999993,20210629198090,718,0x8,0x4,21.8099995,26.0948601,0.0300395172,-0.0566115305,2.59844965e-05,30,1.05900002,1
731,718108400000362,164019902,2459394.699015277,59394.1990278,18.5443916,0.0411266163,0,zg,206.0255308,39.4715373,0.671000004,0.130999997,20210629199028,718,0x8,0x4,21.8099995,26.1093426,0.0292993188,-0.0778520554,2.48623455e-05,30,1.05999994,3
732,718108400000362,164126839,2459395.768306017,59395.2683912,18.5098152,0.040161252,32768,zg,206.0255538,39.4715587,0.437999994,0.00300000003,20210630268391,718,0x8,0x4,20.8600006,25.5273151,0.0398253798,-0.051778581,5.5679644e-05,30,1.28600001,3
733,718108400000362,164225666,2459396.7565144794,59396.2566667,18.5629406,0.0416567251,0,zg,206.0255196,39.4715368,0.92900002,0.118000001,20210701256667,718,0x8,0x4,21.7000008,26.1417274,0.0360187218,-0.0708181635,3.69587178e-05,30,1.24399996,1
734,718108400000362,164225760,2459396.757451916,59396.2576042,18.457037,0.0387432985,0,zg,206.025523,39.4715231,1.63,0.074000001,20210701257604,718,0x8,0x4,21.5599995,26.1481056,0.0308673382,-0.0687940717,2.71243644e-05,30,1.24899995,3
735,718108400000362,164327474,2459397.7745241905,59397.2747454,18.5613213,0.0416101255,0,zg,206.0255965,39.4715431,1.08700001,0.0890000015,20210702274699,718,0x8,0x4,21.4200001,26.1780186,0.0348932706,-0.0939026847,3.56141172e-05,30,1.35000002,3
736,718108400000362,164524819,2459399.74783982,59399.2481944,18.517519,0.0403737947,0,zg,206.0254998,39.4715514,0.68599999,-0.0,20210704248194,718,0x8,0x4,21.3799992,26.20508,0.0323725529,-0.0638489798,3.03053148e-05,30,1.24300003,3
737,718108400000362,164524913,2459399.7487772577,59399.2491319,18.5731888,0.0419533402,0,zg,206.0255179,39.4715479,1.53900003,0.107000001,20210704249132,718,0x8,0x4,21.5200005,26.2101688,0.0296693016,-0.083514832,2.54569259e-05,30,1.24699998,1
738,718108400000362,164626364,2459400.7632227857,59400.2636458,18.5010967,0.0399224274,0,zg,206.0255413,39.4715458,1.59200001,0.101999998,20210705263646,718,0x8,0x4,21.3899994,26.1545544,0.0324578956,-0.0498503819,3.02575281e-05,30,1.33299994,3
739,718108400000362,164724033,2459401.739846948,59401.2403356,18.5411129,0.041033823,0,zg,206.0255118,39.4715429,0.59799999,-0.00300000003,20210706240324,718,0x8,0x4,21.0699997,26.2470627,0.039895203,-0.0720984191,4.72741267e-05,30,1.23300004,3
740,718108400000362,164724127,2459401.74078438,59401.2412731,18.528162,0.0406698398,0,zg,206.0254756,39.4715812,0.837000012,0.00400000019,20210706241273,718,0x8,0x4,21.1000004,26.2590275,0.0415850617,-0.0718720183,5.21116563e-05,30,1.23699999,1
741,718108400000362,164819795,2459402.6973985727,59402.1979514,18.5041161,0.0400049239,0,zg,206.0255224,39.4715506,0.833999991,0.0989999995,20210707197951,718,0x8,0x4,21.8500004,26.270853,0.0267876182,-0.070617184,2.08865731e-05,30,1.10300004,3
742,718108400000362,165122067,2459405.719917105,59405.2206713,18.5529175,0.0413692109,0,zg,206.025539,39.4715623,0.538999975,0.0719999969,20210710220590,718,0x8,0x4,21.5300007,26.1621208,0.0285034347,-0.0819311589,2.35029129e-05,30,1.19799995,1
743,718108400000362,165323844,2459407.737561784,59407.2384491,18.5725536,0.0419348665,0,zg,206.0255429,39.4715485,0.693000019,0.0689999983,20210712238403,718,0x8,0x4,21.2800007,25.9855385,0.0305210389,-0.0716491491,2.76336959e-05,30,1.301,1
744,718108400000362,165522251,2459409.7214946183,59409.2225116,18.5686703,0.0418222547,0,zg,206.0255676,39.4715519,1.03900003,0.147,20210714222512,718,0x8,0x4,21.4300003,25.9907551,0.0329077877,-0.052291289,3.14250246e-05,30,1.25,1
745,718108400000362,166023969,2459414.7383605107,59414.2396991,18.5644894,0.04170141,0,zg,206.0255472,39.4715359,0.545000017,-0.0520000011,20210719239606,718,0x8,0x4,20.5300007,26.0136223,0.037046276,-0.0509297661,5.02159528e-05,30,1.421,1
746,718108400000362,166319560,2459417.694078828,59417.1956019,18.7657394,0.0480450839,32768,zg,206.025606,39.4714779,0.335000008,0.0869999975,20210722195590,718,0x8,0x4,19.3799992,25.1960888,0.0488332994,-0.0550609417,0.000284818991,30,1.22800004,1
747,718108400000362,166319895,2459417.697435015,59417.1989583,18.527319,0.0406462923,32768,zg,206.0255698,39.4715026,0.538999975,0.186000004,20210722198947,718,0x8,0x4,19.2600002,25.1881313,0.0535922982,-0.0704568997,0.00035307958,30,1.24300003,3
748,718108400000362,166419498,2459418.693403861,59418.1949884,18.5031376,0.0399781615,32768,zg,206.0255712,39.4716202,0.762000024,-0.0989999995,20210723194988,718,0x8,0x4,19.7999992,25.5789032,0.0462539084,-0.0568369627,0.000142945923,30,1.23699999,3
749,718108400000362,166519537,2459419.693724829,59419.1953704,18.6028824,0.0428278707,0,zg,206.0255028,39.4715652,0.731999993,0.0769999996,20210724195370,718,0x8,0x4,20.1599998,26.0410786,0.0462614559,-0.0703288764,0.000100658959,30,1.25100005,1
750,718108400000362,166520293,2459419.701293763,59419.2029398,18.5683403,0.0418126918,0,zg,206.0254767,39.471519,0.301999986,0.0379999988,20210724202940,718,0x8,0x4,20.1900005,25.9663143,0.0556263104,-0.0401374325,0.000147197643,30,1.28699994,3
751,718108400000362,166920212,2459423.7002448686,59423.2021296,18.5566254,0.041475296,0,zg,206.0255367,39.4715578,1.15199995,0.103,20210728202130,718,0x8,0x4,21.5200005,26.115509,0.0328253247,-0.0499054305,3.13636156e-05,30,1.34000003,1
752,718108400000362,167029076,2459424.788815663,59424.2907639,18.6391373,0.0439267568,32768,zg,206.0256491,39.4715866,1.14100003,0.188999996,20210729290764,718,0x8,0x4,19.9599991,25.8173103,0.0439538769,-0.00192193768,0.000100425299,30,2.42700005,3
753,718108400000362,167326578,2459427.7636690848,59427.265787,18.5872078,0.0423633978,0,zg,206.0254867,39.4715671,0.834999979,0.0780000016,20210801265787,718,0x8,0x4,20.6700001,25.8847466,0.0401247852,-0.0152558666,5.57271742e-05,30,2.09200001,1
754,718108400000362,167326673,2459427.7646181327,59427.2667361,18.5614395,0.0416135229,0,zg,206.0255156,39.4715389,0.481000006,0.0500000007,20210801266725,718,0x8,0x4,20.5799999,25.8787937,0.0438163206,-0.03085359,6.80201701e-05,30,2.10800004,3
755,718108400000362,167424785,2459428.745686122,59428.2478588,18.6098385,0.0430360287,0,zg,206.0255786,39.4715633,0.727999985,0.0810000002,20210802247847,718,0x8,0x4,20.8400002,25.9777355,0.0331800282,-0.0407278687,3.5796289e-05,30,1.86300004,3
756,718108400000362,167526116,2459429.75894044,59429.261169,18.5203972,0.0404535681,0,zg,206.0254794,39.4715377,0.661000013,0.0590000004,20210803261169,718,0x8,0x4,20.8199997,25.9614124,0.0362720303,-0.0328997001,4.53305911e-05,30,2.10599995,3
757,718108400000362,169417921,2459448.676087183,59448.179213,18.525526,0.0405962616,0,zg,206.0255079,39.4715527,0.922999978,0.074000001,20210822179201,718,0x8,0x4,19.8799992,26.0760441,0.0392699242,-0.0326505452,9.61461119e-05,30,1.69599998,3
758,718108400000362,169520452,2459449.7013598983,59449.2045255,18.6396599,0.0439428389,32768,zg,206.0254955,39.4715297,0.745999992,-0.238999993,20210823204525,718,0x8,0x4,19.6000004,25.8726864,0.0440592803,-0.00531443534,0.000141580065,30,2.07200003,3
759,718108400000362,170119693,2459455.693555284,59455.1969329,18.6266079,0.0435430519,0,zg,206.0255287,39.4715377,0.76700002,0.0410000011,20210829196921,718,0x8,0x4,20.7999992,25.9524078,0.0403298698,-0.0322516896,5.3297641e-05,30,2.23099995,3
760,718108400000362,179649515,2459550.9936770587,59550.4951505,18.6499176,0.0442602225,0,zg,206.0255493,39.4715895,1.01800001,0.0689999983,20211202495150,718,0x8,0x4,21.4099998,26.1175537,0.0285782795,-0.0590352751,2.37624117e-05,30,1.97899997,1
761,718108400000362,186932201,2459623.825205814,59623.3220139,18.6557198,0.0444409847,0,zg,206.025492,39.4715635,0.647000015,0.0480000004,20220213322002,718,0x8,0x4,20.75,26.2264271,0.0340393446,-0.0462579504,4.03073172e-05,30,1.65499997,1
762,718108400000362,187139545,2459625.898736814,59625.3954514,18.6243267,0.0434736721,0,zg,206.0254764,39.4715561,0.293000013,-0.0,20220215395440,718,0x8,0x4,20.3799992,26.3137665,0.0381265394,-0.0543599725,5.53632926e-05,30,1.17299998,1
763,718108400000362,187436689,2459628.870310249,59628.3668981,18.7253017,0.0466807857,0,zg,206.0255254,39.4715609,0.888000011,0.159999996,20220218366887,718,0x8,0x4,20.3199997,26.3003521,0.0410823859,-0.0515862778,7.03869882e-05,30,1.25300002,1
764,718108400000362,187640833,2459630.9118275284,59630.4083333,18.5950584,0.0425952487,0,zg,206.0255317,39.4715536,1.18400002,0.108000003,20220220408310,718,0x8,0x4,21.0400009,26.3432541,0.0324433669,-0.0898923054,3.26822774e-05,30,1.097,1
765,718108400000362,188338795,2459637.8916937797,59637.3879514,18.6170502,0.0432531908,0,zg,206.0255121,39.4715649,0.391000003,0.00200000009,20220227387940,718,0x8,0x4,21.3099995,26.3123112,0.0305831023,-0.0742001459,2.73168716e-05,30,1.10000002,1
766,718108400000362,188539234,2459639.896153501,59639.3923495,18.4949341,0.0397547036,0,zg,206.0255538,39.4715208,0.995000005,0.0350000001,20220301392257,718,0x8,0x4,20.7600002,26.3005161,0.0398661569,-0.0407324508,5.23149538e-05,30,1.07799995,1
767,718108400000362,188738981,2459641.893675771,59641.3898148,18.6162643,0.0432294682,0,zg,206.0255077,39.4715779,1.05400002,0.103,20220303389803,718,0x8,0x4,21.7600002,26.29669,0.0281016342,-0.0475296304,2.24039322e-05,30,1.07200003,1
768,718108400000362,191832903,2459672.8331887536,59672.3290394,18.5720425,0.041920051,0,zg,206.0255152,39.4715518,1.07700002,0.116999999,20220403329028,718,0x8,0x4,22.1100006,26.1210098,0.0315412693,-0.0825546533,2.81084904e-05,30,1.03499997,1
769,718108400000362,191932018,2459673.824324992,59673.3201852,18.582098,0.0422133692,0,zg,206.0255344,39.4715511,1.25999999,0.0780000016,20220404320174,718,0x8,0x4,21.6700001,26.1561432,0.031083731,-0.0960874036,2.78015195e-05,30,1.04299998,2
770,718108400000362,191940356,2459673.9077037363,59673.4035648,18.5117111,0.0402134173,0,zg,206.0255516,39.4715334,0.943000019,0.0320000015,20220404403553,718,0x8,0x4,21.1000004,26.2012711,0.0348988697,-0.0759158432,3.57384779e-05,30,1.02100003,2
771,718108400000362,192115866,2459675.662787897,59675.158669,18.5569515,0.0414846279,0,zg,206.0255375,39.4715461,0.977999985,0.109999999,20220406158657,718,0x8,0x4,21.1800003,26.0248928,0.038256485,-0.0614632294,4.40853692e-05,30,1.90900004,2
772,718108400000362,192132519,2459675.8293137243,59675.3251968,18.5837898,0.0422629677,0,zg,206.0255048,39.4715544,1.04200006,0.104000002,20220406325185,718,0x8,0x4,21.8999996,26.2529278,0.0260872953,-0.0736278668,1.93944961e-05,30,1.02999997,1
773,718108400000362,192138240,2459675.8865236035,59675.3824074,18.5971489,0.0426572263,0,zg,206.0255298,39.4715515,1.17499995,0.151999995,20220406382396,718,0x8,0x4,21.7600002,26.2703419,0.0263447296,-0.0728865415,1.97716708e-05,30,1.01100004,2
774,718108400000362,192230006,2459676.8041735,59676.3000694,18.5638809,0.0416838378,0,zg,206.02554,39.4715579,1.13399994,0.0280000009,20220407300058,718,0x8,0x4,21.0,26.2808952,0.035646148,-0.0876580775,3.78355617e-05,30,1.06200004,2
775,718108400000362,192238791,2459676.8920195927,59676.3879167,18.5217361,0.0404907838,0,zg,206.0255458,39.4716046,1.14300001,0.0109999999,20220407387905,718,0x8,0x4,20.9799995,26.2454147,0.0313654318,-0.0616533607,3.06028232e-05,30,1.01600003,2
776,718108400000362,192331019,2459677.814286459,59677.3101968,18.5679932,0.0418026522,0,zg,206.0255262,39.4715685,0.667999983,0.074000001,20220408310185,718,0x8,0x4,21.2900009,26.2701111,0.0305479392,-0.0742171332,2.73973837e-05,30,1.04200006,2
777,718108400000362,192332299,2459677.827087172,59677.3229977,18.5704231,0.0418730341,0,zg,206.0255014,39.4715629,1.31299996,0.0170000009,20220408322986,718,0x8,0x4,21.0200005,26.2625294,0.032196708,-0.0529776327,3.01457512e-05,30,1.02699995,1
778,718108400000362,192334509,2459677.8491817447,59677.3450926,18.5473061,0.0412093475,0,zg,206.0254954,39.4715563,0.340000004,-0.00600000005,20220408345058,718,0x8,0x4,21.3500004,26.2542934,0.0288335737,-0.0470940694,2.34059789e-05,30,1.01100004,2
779,718108400000362,192433224,2459678.8363192524,59678.3322454,18.5994473,0.0427255221,0,zg,206.0255164,39.471539,0.654999971,0.0649999976,20220409332234,718,0x8,0x4,21.6399994,26.2697201,0.0306820665,-0.0619223081,2.70469372e-05,30,1.01699996,2
780,718108400000362,192448508,2459678.989152328,59678.485081,18.5827637,0.0422328636,0,zg,206.0255412,39.4715634,1.16199994,0.0309999995,20220409485058,718,0x8,0x4,21.4200001,26.2429409,0.0303842947,-0.0981333852,2.69893499e-05,30,1.24899995,2
781,718108400000362,192527870,2459679.782761826,59679.2787037,18.6432934,0.0440549366,0,zg,206.0255232,39.4715471,0.386000007,0.0130000003,20220410278669,718,0x8,0x4,21.3400002,26.3079205,0.0314517505,-0.0935526863,2.9567489e-05,30,1.08800006,1
782,718108400000362,192528946,2459679.7935255445,59679.2894676,18.6018219,0.0427962355,0,zg,206.0255341,39.4715683,0.694000006,-0.00999999978,20220410289421,718,0x8,0x4,21.3600006,26.2941971,0.0353980288,-0.0774818361,3.60948507e-05,30,1.06599998,2
783,718108400000362,192531920,2459679.8232588437,59679.3192014,18.6037502,0.0428537764,0,zg,206.0255287,39.4715436,1.16799998,0.115999997,20220410319097,718,0x8,0x4,21.3799992,26.2921772,0.0313795172,-0.0747845322,2.80267595e-05,30,1.02499998,2
784,718108400000362,192819545,2459682.6994546647,59682.1954514,18.4219494,0.0378367156,0,zg,206.0255795,39.4715133,0.986000001,0.0199999996,20220413195451,718,0x8,0x4,20.2099991,26.2299213,0.0414886065,-0.0905089155,7.54393841e-05,30,1.38100004,2
785,718108400000362,192822290,2459682.7269078214,59682.2229051,18.5986614,0.0427021608,0,zg,206.0255036,39.4715455,0.845000029,0.00700000022,20220413222894,718,0x8,0x4,20.4099998,26.2467747,0.0421975926,-0.0743843839,6.69707806e-05,30,1.23800004,1
786,718108400000362,192840405,2459682.9080499182,59682.4040509,18.6596775,0.0445648171,0,zg,206.0255348,39.4716002,1.03400004,0.0769999996,20220413404051,718,0x8,0x4,20.4500008,26.2832031,0.0381356105,-0.0539445728,5.38060667e-05,30,1.04999995,2
787,718108400000362,192925787,2459683.7618513643,59683.2578704,18.6382027,0.0438979939,0,zg,206.0255379,39.4715417,1.07500005,-0.00800000038,20220414257870,718,0x8,0x4,20.5699997,26.3196087,0.0409196168,-0.108583577,6.16163888e-05,30,1.11099994,2
788,718108400000362,193025821,2459684.762176386,59684.2582176,18.659235,0.0445509553,0,zg,206.0254646,39.4715315,0.763000011,0.0540000014,20220415258194,718,0x8,0x4,19.9599991,26.303833,0.0411869362,-0.0619814061,8.53317397e-05,30,1.10300004,2
789,718108400000362,193030493,2459684.8088883366,59684.3049306,18.5899391,0.0424438678,0,zg,206.0254043,39.4715464,0.758000016,0.00999999978,20220415304907,718,0x8,0x4,20.2099991,26.3230953,0.0373898856,-0.0632807612,5.90811578e-05,30,1.02600002,1
790,718108400000362,193047057,2459684.974532594,59684.4705787,18.5355415,0.0408767201,0,zg,206.0255192,39.4715469,0.643999994,-0.0439999998,20220415470567,718,0x8,0x4,20.1599998,26.2651138,0.0384083278,-0.0656753257,6.45827895e-05,30,1.25800002,2
791,718108400000362,193133303,2459685.8369661383,59685.3330324,18.5102081,0.0401720405,0,zg,206.0254611,39.4715808,0.583999991,-0.00100000005,20220416333009,718,0x8,0x4,20.25,26.3497505,0.0369374827,-0.0600513071,5.93740442e-05,30,1.00899994,2
792,718108400000362,193345768,2459687.9615656403,59687.4576852,18.654213,0.0443939529,0,zg,206.0255749,39.4715196,1.14400005,0.063000001,20220418457685,718,0x8,0x4,20.3999996,26.2557888,0.0377945527,-0.0396580212,5.66378585e-05,30,1.23699999,2
793,718108400000362,193426848,2459688.7723426744,59688.2684838,18.5951309,0.0425974019,0,zg,206.0255287,39.47155,0.57099998,-0.023,20220419268472,718,0x8,0x4,20.4200001,26.3083076,0.0378902182,-0.0600546561,5.35822728e-05,30,1.05999994,2
794,718108400000362,193528821,2459689.7920483053,59689.2882176,18.4191647,0.0377659723,0,zg,206.0255637,39.4715201,1.04999995,0.00100000005,20220420288206,718,0x8,0x4,20.1100006,26.2641392,0.0414391384,-0.0314640962,7.36564907e-05,30,1.02900004,2
795,718108400000362,193630707,2459690.8108732468,59690.3070718,18.5474434,0.0412132442,0,zg,206.0255057,39.4715452,1.05900002,0.0469999984,20220421307037,718,0x8,0x4,21.6100006,26.2922478,0.0278223902,-0.0785956308,2.21035007e-05,30,1.01199996,2
796,718108400000362,193630800,2459690.811810719,59690.3080093,18.5287876,0.0406873338,0,zg,206.0255248,39.4715511,0.949999988,0.0860000029,20220421308009,718,0x8,0x4,21.5400009,26.2814655,0.0283037387,-0.0671682805,2.29724628e-05,30,1.01199996,1
797,718108400000362,193644368,2459690.9474779884,59690.4436806,18.5373726,0.0409282632,0,zg,206.0255632,39.4715873,0.649999976,0.023,20220421443681,718,0x8,0x4,20.7199993,26.2161369,0.0356342196,-0.091368027,4.12789668e-05,30,1.21300006,2
798,718108400000362,193934925,2459693.852966871,59693.3492593,18.502779,0.0399683528,0,zg,206.0254872,39.471561,0.486000001,0.0170000009,20220424349259,718,0x8,0x4,21.1299992,26.2532768,0.0363767631,-0.0938308612,3.87695873e-05,30,1.02100003,2
799,718108400000362,193946806,2459693.9717707434,59693.4680671,18.5268707,0.0406337753,0,zg,206.0255351,39.4715269,0.939999998,0.0320000015,20220424468056,718,0x8,0x4,20.5699997,26.114542,0.0393143706,-0.0396842733,5.43152128e-05,30,1.375,2
800,718108400000362,194036945,2459694.8731299327,59694.369456,18.5365601,0.0409054011,0,zg,206.0255211,39.471545,0.845000029,0.0140000004,20220425369456,718,0x8,0x4,21.5799999,26.167305,0.0282129515,-0.0640064478,2.27888195e-05,30,1.04799998,2
801,718108400000362,194039292,2459694.8966013337,59694.3929282,18.605299,0.042900037,0,zg,206.0254898,39.4715658,0.791999996,0.0280000009,20220425392928,718,0x8,0x4,21.0499992,26.1355171,0.0361282788,-0.0706634596,3.88062654e-05,30,1.09099996,1
802,718108400000362,194040697,2459694.91065186,59694.4069792,18.5994797,0.0427265167,0,zg,206.0254134,39.4715018,0.975000024,-0.00100000005,20220425406979,718,0x8,0x4,20.6800003,26.124712,0.0380901806,-0.0704589933,5.07341174e-05,30,1.12699997,2
803,718108400000362,194133942,2459695.843062277,59695.3394213,18.5620556,0.041631259,32768,zg,206.0255197,39.4715501,0.246000007,-0.00899999961,20220426339375,718,0x8,0x4,20.5499992,25.1379814,0.0393890254,-0.093064554,6.48515634e-05,30,1.01800001,2
804,718108400000362,194222215,2459696.725762933,59696.2221528,18.5678082,0.0417973027,0,zg,206.0255094,39.4715668,0.834999979,0.0839999989,20220427222141,718,0x8,0x4,21.5499992,26.2509155,0.0303578898,-0.078678824,2.6198788e-05,30,1.11199999,2
805,718108400000362,194222310,2459696.7267119987,59696.2231019,18.5266571,0.0406278223,0,zg,206.0255259,39.4715749,1.53499997,0.0700000003,20220427223090,718,0x8,0x4,21.6399994,26.2454872,0.0292722732,-0.0770991519,2.46669933e-05,30,1.10899997,1
806,718108400000362,194322605,2459697.7296273247,59697.2260532,18.5783253,0.0421030074,0,zg,206.0255245,39.471561,0.944999993,0.074000001,20220428226042,718,0x8,0x4,21.8999996,26.2543602,0.0253284574,-0.0993338674,1.81801006e-05,30,1.09599996,2
807,718108400000362,194342284,2459697.926414115,59697.4228472,18.5890827,0.0424186289,0,zg,206.0255332,39.4715705,0.874000013,0.0130000003,20220428422847,718,0x8,0x4,21.8299999,26.247221,0.0313096382,-0.10901539,2.80195109e-05,30,1.20599997,2
808,718108400000362,194522861,2459699.732110416,59699.2286111,18.5175953,0.040375907,0,zg,206.025528,39.4715618,1.18400002,0.103,20220430228611,718,0x8,0x4,21.7800007,26.2482643,0.0315398909,-0.0903704092,2.84400685e-05,30,1.07799995,2
809,718108400000362,194546365,2459699.967147605,59699.4636574,18.5900345,0.0424466841,0,zg,206.0255703,39.4715698,1.09599996,0.119999997,20220430463657,718,0x8,0x4,21.4500008,26.115097,0.0299440827,-0.0622851141,2.6167012e-05,30,1.454,2
810,718108400000362,194624283,2459700.7462955434,59700.2428356,18.55867,0.0415339358,0,zg,206.0255356,39.4715608,0.634000003,0.0860000029,20220501242836,718,0x8,0x4,21.7900009,26.2586384,0.0302571431,-0.0687121004,2.65773215e-05,30,1.04799998,2
811,718108400000362,194626321,2459700.7666767472,59700.2632176,18.5622692,0.041637402,0,zg,206.0255124,39.4715471,1.18299997,0.075000003,20220501263218,718,0x8,0x4,21.8700008,26.2622948,0.0256811716,-0.073992528,1.8834764e-05,30,1.02400005,1
812,718108400000362,194634094,2459700.84440518,59700.3409491,18.6184196,0.0432945825,0,zg,206.0255388,39.4715587,0.753000021,0.0860000029,20220501340764,718,0x8,0x4,21.6800003,26.2777786,0.0289456509,-0.0971099511,2.36890792e-05,30,1.03199995,2
813,718108400000362,194734728,2459701.850696041,59701.3472801,18.5792332,0.042129539,0,zg,206.0254813,39.471537,0.93599999,0.050999999,20220502347211,718,0x8,0x4,21.4799995,26.2322884,0.0333053507,-0.0784825534,3.21188927e-05,30,1.04299998,2
814,718108400000362,194738692,2459701.890335619,59701.3869213,18.5310593,0.0407508872,0,zg,206.0255614,39.4715721,0.978999972,0.0309999995,20220502386910,718,0x8,0x4,21.4099998,26.2158356,0.0320562795,-0.0966727734,2.96360922e-05,30,1.12399995,2
815,718108400000362,194742788,2459701.931294535,59701.4278819,18.5547771,0.0414223634,0,zg,206.0255287,39.4715698,0.788999975,0.0759999976,20220502427882,718,0x8,0x4,21.7399998,26.1477013,0.0285573006,-0.0779290274,2.37749227e-05,30,1.27499998,2
816,718108400000362,194828271,2459702.7860976863,59702.2827199,18.5712166,0.0418960676,0,zg,206.0255234,39.4715655,1.14999998,0.050999999,20220503282708,718,0x8,0x4,21.8500004,26.2462749,0.028960228,-0.0783975944,2.43277736e-05,30,1.00899994,1
817,718108400000362,194828366,2459702.7870467487,59702.283669,18.585701,0.0423190817,0,zg,206.0255293,39.4715509,0.773000002,0.075000003,20220503283669,718,0x8,0x4,21.9599991,26.2568626,0.0287953354,-0.0868224576,2.40538757e-05,30,1.00899994,2
818,718108400000362,194832322,2459702.826605311,59702.3232292,18.544735,0.0411363542,0,zg,206.0255386,39.4715579,0.790000021,0.0540000014,20220503323194,718,0x8,0x4,21.9200001,26.2717323,0.0300320741,-0.100418009,2.62561789e-05,30,1.01999998,2
819,718108400000362,195632207,2459710.825089331,59710.3220718,18.491581,0.0396638662,0,zg,206.0255008,39.4715569,1.17999995,0.0989999995,20220511322072,718,0x8,0x4,20.7399998,26.2830124,0.0349306278,-0.058784578,4.05774372e-05,30,1.04200006,2
820,718108400000362,195721671,2459711.7196870693,59711.216713,18.4990997,0.039867986,0,zg,206.0255377,39.4715496,0.577000022,0.0219999999,20220512216632,718,0x8,0x4,20.5400009,26.2925777,0.0368217342,-0.0546794496,5.18880006e-05,30,1.04299998,1
821,718108400000362,196832277,2459722.8251623632,59722.3227778,18.60355,0.0428477935,0,zg,206.0255442,39.4715536,0.885999978,0.136999995,20220523322743,718,0x8,0x4,21.8899994,26.2799263,0.0321235508,-0.0865788683,2.93678368e-05,30,1.10599995,1
822,718108400000362,196835021,2459722.8526028832,59722.3502199,18.5770035,0.0420644209,0,zg,206.025545,39.4715586,1.28199995,0.107000001,20220523350220,718,0x8,0x4,21.6599998,26.2681198,0.0300661623,-0.0975540951,2.61393907e-05,30,1.19000006,1
823,718108400000362,196836798,2459722.8703680574,59722.3679861,18.5579853,0.0415142961,0,zg,206.0255494,39.471571,0.833999991,-0.0120000001,20220523367986,718,0x8,0x4,21.7299995,26.2329655,0.0293311141,-0.0698060617,2.49367022e-05,30,1.26300001,2
824,718108400000362,197033079,2459724.8330675974,59724.3307986,18.5784607,0.0421069711,0,zg,206.0255186,39.4715543,0.734000027,0.0350000001,20220525330787,718,0x8,0x4,21.8799992,26.2295952,0.0311871376,-0.0769814402,2.78433035e-05,30,1.14300001,1
825,718108400000362,197230089,2459726.803044471,59726.3008912,18.5439262,0.0411134437,0,zg,206.0255349,39.4715624,1.44400001,0.119999997,20220527300891,718,0x8,0x4,22.0,26.332901,0.0292991418,-0.0901746154,2.43098602e-05,30,1.08099997,1
826,718108400000362,197538496,2459729.886932934,59729.3849653,18.4922962,0.0396832302,0,zg,206.0254581,39.4715594,1.02600002,0.0250000004,20220530384965,718,0x8,0x4,20.7700005,26.1968098,0.0348360166,-0.0547613651,4.13822308e-05,30,1.47800004,1
827,718108400000362,197732488,2459731.826732728,59731.3248843,18.5812645,0.0421889648,0,zg,206.0255162,39.4715508,1.30999994,0.0719999969,20220601324884,718,0x8,0x4,21.4300003,26.2814102,0.0299871638,-0.0730328411,2.55874365e-05,30,1.18700004,1
828,718108400000362,198127628,2459735.777884861,59735.2762847,18.5548172,0.0414235219,0,zg,206.0255319,39.4715604,0.337000012,0.0320000015,20220605276285,718,0x8,0x4,21.8199997,26.2957783,0.0281086657,-0.10113731,2.24958549e-05,30,1.08099997,1
829,718108400000362,198319674,2459737.698224882,59737.1967477,18.5623398,0.0416394249,0,zg,206.0255198,39.4715552,0.902999997,0.0820000023,20220607196701,718,0x8,0x4,21.5400009,26.3254585,0.029427439,-0.0644214153,2.46875334e-05,30,1.00800002,1
830,718108400000362,198520461,2459739.705965257,59739.2046181,18.579546,0.0421386734,0,zg,206.0255554,39.4715597,0.810000002,0.0839999989,20220609204595,718,0x8,0x4,21.1700001,26.2897758,0.0412084199,-0.0768826008,5.07549812e-05,30,1.00999999,1
831,718108400000362,198722050,2459741.7217245884,59741.2205093,18.5575886,0.0415029116,0,zg,206.025518,39.4715481,1.27999997,0.075000003,20220611220463,718,0x8,0x4,20.7000008,26.2587452,0.0339415222,-0.0728086606,4.03315717e-05,30,1.023,1
832,718108400000362,198926386,2459743.764946119,59743.2638657,18.54356,0.0411030762,0,zg,206.0255833,39.4715423,0.56400001,0.0170000009,20220613263854,718,0x8,0x4,20.6399994,26.3275185,0.0376820862,-0.0720604882,5.07132972e-05,30,1.102,1
833,718108400000362,199326288,2459747.7636954705,59747.2628819,18.5185452,0.0404022224,0,zg,206.0255263,39.4715445,1.00999999,0.0879999995,20220617262882,718,0x8,0x4,21.5499992,26.2733059,0.0290793069,-0.060237579,2.48308988e-05,30,1.12800002,1
834,718108400000362,199524256,2459749.7432497204,59749.2425694,18.5840187,0.0422696769,0,zg,206.0255259,39.4715462,0.851000011,0.0250000004,20220619242546,718,0x8,0x4,21.3600006,26.3011112,0.032344047,-0.0845812932,3.01830387e-05,30,1.09099996,1
835,718108400000362,199721891,2459751.7194587095,59751.218912,18.5895977,0.0424338095,0,zg,206.025528,39.4715706,1.03299999,0.135000005,20220621218912,718,0x8,0x4,21.6900005,26.261816,0.029599024,-0.068991594,2.52996397e-05,30,1.05599999,1
836,718108400000362,199924392,2459753.744332934,59753.2439236,18.5737095,0.0419684835,0,zg,206.0255277,39.4715611,0.958000004,0.0970000029,20220623243924,718,0x8,0x4,21.7700005,26.2468147,0.0306356158,-0.0693248436,2.68710792e-05,30,1.12100005,1
837,718108400000362,200226392,2459756.7641275628,59756.2639236,18.6366005,0.0438487343,0,zg,206.0255664,39.4715698,1.255,0.123999998,20220626263912,718,0x8,0x4,21.6399994,26.2741814,0.0264784992,-0.0654171854,2.01491912e-05,30,1.21500003,1
838,718108400000362,200622383,2459760.723765644,59760.223831,18.5645733,0.0417038165,0,zg,206.0255349,39.4715589,1.09300005,0.108000003,20220630223819,718,0x8,0x4,21.8299999,26.2677555,0.0272306949,-0.0712212324,2.13592812e-05,30,1.11899996,1
839,718108400000362,200820054,2459762.7003445337,59762.200544,18.5674744,0.041787643,0,zg,206.0255569,39.4715658,1.07599998,0.105999999,20220702200544,718,0x8,0x4,21.8199997,26.3076458,0.0260480735,-0.0682680011,1.95479824e-05,30,1.07700002,1
840,718108400000362,201025017,2459764.7498354893,59764.2501736,18.6147556,0.0431839451,0,zg,206.0256291,39.4715819,0.294,0.00700000022,20220704250174,718,0x8,0x4,21.3799992,26.3042221,0.0298729371,-0.1063627,2.62157682e-05,30,1.24899995,1
841,718108400000362,201220396,2459766.703500263,59766.2039699,18.5609131,0.0415983982,0,zg,206.0255327,39.4715384,1.11800003,0.118000001,20220706203935,718,0x8,0x4,21.2299995,26.3089218,0.0305987708,-0.0782567635,2.74582671e-05,30,1.10899997,1
842,718108400000362,201421707,2459768.7164673614,59768.2170718,18.589798,0.0424397215,0,zg,206.0255378,39.4715553,0.850000024,0.0850000009,20220708217072,718,0x8,0x4,21.1399994,26.2720776,0.037497703,-0.0805042163,4.20332653e-05,30,1.16299999,2
843,718108400000362,201519983,2459769.6991680926,59769.199838,18.6926689,0.0456136428,0,zg,206.0255496,39.4715609,1.70000005,0.201000005,20220709199826,718,0x8,0x4,21.2399998,26.3147011,0.0369644724,-0.0647953302,4.21252807e-05,30,1.12,1
844,718108400000362,201524505,2459769.744384955,59769.2450579,18.6145802,0.0431786589,0,zg,206.0255595,39.4715433,0.737999976,0.112000003,20220709245058,718,0x8,0x4,21.0100002,26.2850189,0.0366673619,-0.0889578164,4.32174966e-05,30,1.28900003,1
845,718108400000362,201726094,2459771.7601425983,59771.2609491,18.6369381,0.0438591056,0,zg,206.0255316,39.4715433,1.227,0.127000004,20220711260949,718,0x8,0x4,20.7800007,26.2242641,0.032596495,-0.057914421,3.51609415e-05,30,1.41199994,1
846,718108400000362,201732339,2459771.82258052,59771.3233912,18.484766,0.0394800156,0,zg,206.0255004,39.4715118,0.699999988,-0.0109999999,20220711323380,718,0x8,0x4,20.3199997,26.080162,0.0338192843,-0.0487788506,4.74156695e-05,30,2.08500004,1
847,718108400000362,202819681,2459782.6953094695,59782.1968171,18.5561638,0.0414620899,0,zg,206.0255773,39.4715443,0.617999971,0.0359999985,20220722196817,718,0x8,0x4,21.1900005,26.1292458,0.0376368836,-0.104339451,4.24808786e-05,30,1.23099995,1
848,718108400000362,208512942,2459839.625626122,59839.1294213,18.5666122,0.0417626873,0,zg,206.0255546,39.4715636,0.941999972,0.0370000005,20220917129398,718,0x8,0x4,20.8700008,26.0743542,0.0346333161,-0.0484166145,4.02678997e-05,30,1.95299995,2
849,718108400000362,208513138,2459839.6275936924,59839.1313889,18.5897026,0.0424369052,0,zg,206.0254926,39.4715289,0.702000022,0.0729999989,20220917131366,718,0x8,0x4,20.7399998,26.0675812,0.0349861607,-0.0430023223,4.21527948e-05,30,1.98300004,2
850,718108400000362,208513335,2459839.6295612697,59839.1333565,18.4756432,0.0392356291,0,zg,206.0255036,39.4715731,0.731999993,0.0759999976,20220917133345,718,0x8,0x4,20.6900005,26.0717525,0.0356514938,-0.0339564681,4.44369762e-05,30,2.01399994,2
851,718108400000362,208513533,2459839.631540343,59839.1353356,18.5613518,0.0416110158,0,zg,206.0255088,39.4715515,0.713,-0.00700000022,20220917135312,718,0x8,0x4,20.7199993,26.0630093,0.0337682776,-0.0449774042,3.91940994e-05,30,2.04500008,2
852,718108400000362,208513730,2459839.6335079246,59839.1373032,18.6123562,0.0431116819,0,zg,206.0256319,39.4715891,0.704999983,-0.0590000004,20220917137292,718,0x8,0x4,20.6200008,26.070322,0.0384324417,-0.0457464978,5.22969967e-05,30,2.07800007,2
853,718108400000362,208612806,2459840.6242605983,59840.1280671,18.5557384,0.0414499007,0,zg,206.0255762,39.4715589,0.992999971,0.0370000005,20220918128044,718,0x8,0x4,20.9899998,26.1405888,0.031833753,-0.0571960546,3.24298526e-05,30,1.97399998,2
854,718108400000362,208613003,2459840.6262281747,59840.1300347,18.6234703,0.0434476286,0,zg,206.0255542,39.4715612,1.38199997,0.0869999975,20220918130023,718,0x8,0x4,21.0200005,26.1287689,0.0326833017,-0.0559617504,3.28919596e-05,30,2.00399995,2
855,718108400000362,208613200,2459840.6281957505,59840.1320023,18.576355,0.042045515,0,zg,206.0255429,39.4715508,0.851000011,0.0869999975,20220918131991,718,0x8,0x4,21.1200008,26.1183281,0.031447053,-0.0626861826,2.96021044e-05,30,2.03500009,2
856,718108400000362,208613398,2459840.630174928,59840.1339815,18.607729,0.0429727882,0,zg,206.025546,39.4715635,0.70599997,-0.00899999961,20220918133970,718,0x8,0x4,21.0900002,26.1008968,0.0343809389,-0.0554533415,3.59701698e-05,30,2.06800008,2
857,718108400000362,208613594,2459840.6321425047,59840.1359491,18.6443062,0.0440862626,0,zg,206.0255366,39.4715681,1.50999999,0.166999996,20220918135938,718,0x8,0x4,21.1000004,26.1177082,0.0322468132,-0.0603903048,3.19907667e-05,30,2.10100007,2
858,718108400000362,208712570,2459841.6218893365,59841.125706,18.5529385,0.0413698256,0,zg,206.025489,39.4715261,0.708000004,-0.0219999999,20220919125637,718,0x8,0x4,20.5699997,26.1207561,0.0384835452,-0.0393149257,5.41115114e-05,30,1.98000002,2
859,718108400000362,208712771,2459841.623903218,59841.1277199,18.4946213,0.0397462323,0,zg,206.0255086,39.4715714,0.897000015,0.0579999983,20220919127604,718,0x8,0x4,20.4400005,26.1120434,0.0398822427,-0.0434256457,5.93303666e-05,30,2.01099992,2
860,718108400000362,208712973,2459841.6259170985,59841.1297338,18.582737,0.0422320887,0,zg,206.025599,39.4715382,0.670000017,0.0329999998,20220919129630,718,0x8,0x4,20.5799999,26.1227303,0.0355840772,-0.0619954579,4.36489936e-05,30,2.04299998,2
861,718108400000362,208713175,2459841.6279425784,59841.1317593,18.5192299,0.0404211953,0,zg,206.0255744,39.4715805,0.81099999,-0.0450000018,20220919131644,718,0x8,0x4,20.6100006,26.1037769,0.0356117748,-0.0552254133,4.52294807e-05,30,2.07599998,2
862,718108400000362,208713377,2459841.629956353,59841.1337731,18.4876232,0.0395569652,0,zg,206.0255068,39.4715572,0.483999997,0.00700000022,20220919133657,718,0x8,0x4,20.4500008,26.1129379,0.0399725847,-0.0649961457,6.15038007e-05,30,2.11100006,2
863,718108400000362,215550929,2459910.0074314843,59909.509294,18.526844,0.0406330116,0,zg,206.0255125,39.471553,0.978999972,0.023,20221126509294,718,0x8,0x4,20.7099991,26.2014923,0.0390390716,-0.110157408,5.12576298e-05,30,2.02399993,1
864,718108400000362,216049048,2459914.988932472,59914.4904861,18.5327835,0.0407992564,32768,zg,206.0254146,39.4715751,1.21099997,-0.287999988,20221201490475,718,0x8,0x4,19.7999992,26.0192642,0.0434858203,-0.0356007107,0.000105760315,30,2.1099999,1
865,718108400000362,216947141,2459923.970446677,59923.471412,18.630249,0.0436541513,0,zg,206.0255333,39.4715858,0.81099999,0.0729999989,20221210471412,718,0x8,0x4,19.9899998,26.1124153,0.0397534296,-0.0472192653,7.59275281e-05,30,2.01900005,1
866,718108400000362,217653807,2459931.037597102,59930.5380787,18.4854088,0.039497301,0,zg,206.0254577,39.47161,0.908999979,0.0179999992,20221217538079,718,0x8,0x4,20.4500008,26.2717972,0.0443984382,-0.0606841184,7.37201844e-05,30,1.25999999,1
867,718108400000362,217945238,2459933.952105564,59933.4523843,18.4491463,0.0385369547,32768,zg,206.0254854,39.4715575,0.893000007,0.0130000003,20221220452384,718,0x8,0x4,19.8400002,25.1212425,0.0517905876,-0.0336139649,0.000164052268,30,1.89699996,1
868,718108400000362,218144709,2459935.9469558056,59935.4470949,18.5954437,0.0426066555,0,zg,206.0255248,39.4715528,1.20500004,0.125,20221222447095,718,0x8,0x4,21.4699993,26.1995697,0.0299892351,-0.078810662,2.60639645e-05,30,1.89499998,1
869,718108400000362,219945814,2459953.959265902,59953.4581481,18.6278801,0.0435818508,32768,zg,206.0255433,39.4714743,0.801999986,-0.050999999,20230109458148,718,0x8,0x4,19.25,25.3472233,0.0471794754,-0.0873504728,0.000255267194,30,1.34899998,1
870,718108400000362,220353158,2459958.0329789813,59957.5315856,18.5506439,0.0413043499,32768,zg,206.0255261,39.4715928,0.546999991,0.0260000005,20230113531586,718,0x8,0x4,20.4400005,25.7724876,0.0414124168,-0.0507122986,6.78321594e-05,30,1.05900002,1
871,718108400000362,221349746,2459967.999503771,59967.4974653,18.5387573,0.0409673117,0,zg,206.0255304,39.4716175,0.430999994,-0.00400000019,20230123497465,718,0x8,0x4,20.9300003,26.3314686,0.0357278101,-0.0893989056,4.05268547e-05,30,1.07099998,1
872,718108400000362,221537113,2459969.873288123,59969.3711343,18.5888023,0.04241037,0,zg,206.0254764,39.471532,1.31900001,0.00600000005,20230125370741,718,0x8,0x4,20.8899994,26.259758,0.0374119319,-0.109062828,4.28171224e-05,30,1.69099998,1
873,718108400000362,221739009,2459971.8923683707,59971.3900926,18.3797016,0.0367821455,0,zg,206.0256251,39.4716038,1.92799997,0.157000005,20230127390093,718,0x8,0x4,20.2399998,26.2543755,0.0420696512,-0.066605024,6.89372973e-05,30,1.47300005,1
874,718108400000362,222345648,2459977.959107022,59977.4564815,18.5327892,0.0407994241,0,zg,206.0254938,39.4715615,0.783999979,-0.0299999993,20230202456470,718,0x8,0x4,20.7700005,26.3304787,0.0349322371,-0.105432831,4.22159173e-05,30,1.10099995,1
875,718108400000362,223041240,2459984.9153993903,59984.4124074,18.4533043,0.0386455134,0,zg,206.0255191,39.4716044,0.442000002,0.0219999999,20230209412396,718,0x8,0x4,20.2600002,26.3244915,0.0401787274,-0.0921482816,6.58250574e-05,30,1.17299998,1
876,718108400000362,224048917,2459994.992625843,59994.4891782,18.5387344,0.040966671,0,zg,206.0255088,39.4715672,1.32299995,0.120999999,20230219489178,718,0x8,0x4,21.7099991,26.3484612,0.0307804421,-0.0987799093,2.72826019e-05,30,1.00800002,1
877,718108400000362,226240758,2460016.9116547504,60016.407581,18.4716091,0.0391281992,0,zg,206.0255112,39.4715836,0.888999999,0.0500000007,20230313407581,718,0x8,0x4,21.2399998,26.2468491,0.033605881,-0.0532141142,3.30705152e-05,30,1.01600003,1
878,718108400000362,226649089,2460020.995021202,60020.4908912,18.4976501,0.0398285203,0,zg,206.025534,39.4715632,1.31400001,0.127000004,20230317490891,718,0x8,0x4,21.7199993,26.2980671,0.0299617555,-0.0820801109,2.53241142e-05,30,1.07200003,1
879,718108400000362,227830468,2460032.8088679696,60032.3046875,18.5043697,0.0400118753,0,zg,206.0255162,39.471569,0.446999997,0.00800000038,20230329304688,718,0x8,0x4,21.3600006,26.2938251,0.0291115716,-0.0847456083,2.41872513e-05,30,1.10500002,1
880,718108400000362,228836012,2460042.864219957,60042.3601273,18.3962479,0.0371904261,0,zg,206.0254984,39.4715885,0.828999996,0.0340000018,20230408360127,718,0x8,0x4,20.9099998,26.2729893,0.0407147296,-0.0630092174,5.26440708e-05,30,1.00800002,1
881,718108400000362,229032416,2460044.8282284853,60044.3241667,18.4848366,0.0394819044,0,zg,206.0255316,39.4715591,1.19400001,0.0260000005,20230410324155,718,0x8,0x4,21.3500004,26.3042755,0.0332381092,-0.0763955191,3.23698696e-05,30,1.02100003,1
882,718108400000362,229227908,2460046.7831122708,60046.2790856,18.4899311,0.0396192595,0,zg,206.0255343,39.4715502,1.09500003,0.119999997,20230412279028,718,0x8,0x4,22.0599995,26.305624,0.0261590295,-0.0753681883,1.95974244e-05,30,1.07700002,1
883,718108400000362,229637057,2460050.874517933,60050.3705787,18.5160694,0.040333692,0,zg,206.0255066,39.4715531,1.25300002,0.160999998,20230416370567,718,0x8,0x4,21.8299999,26.2746658,0.0264065247,-0.0751785189,2.03180098e-05,30,1.01999998,1
884,718108400000362,229836327,2460052.8671653904,60052.3632755,18.5577202,0.0415066667,0,zg,206.0255082,39.4715673,1.19299996,0.130999997,20230418363252,718,0x8,0x4,21.8400002,26.2475643,0.0282626394,-0.0814334229,2.28242479e-05,30,1.01900005,1
885,718108400000362,230128508,2460055.7888907106,60055.285081,18.4824886,0.0394188054,0,zg,206.0255269,39.471571,0.529999971,0.0329999998,20230421285081,718,0x8,0x4,21.4599991,26.3118458,0.0313131921,-0.0652137399,2.87296298e-05,30,1.02999997,1
886,718108400000362,230532621,2460059.829899184,60059.3262153,18.4822807,0.0394132361,0,zg,206.0255297,39.4715671,0.809000015,-0.0130000003,20230425326192,718,0x8,0x4,21.8799992,26.2656956,0.0272755139,-0.087573953,2.14697266e-05,30,1.00999999,1
887,718108400000362,230736128,2460061.864898855,60061.3612847,18.488409,0.039578151,0,zg,206.0255501,39.4715571,1.12100005,0.123999998,20230427361273,718,0x8,0x4,21.8999996,26.2748833,0.0281144064,-0.079461135,2.24986106e-05,30,1.04299998,1
888,718108400000362,230942381,2460063.9273586483,60063.4238194,18.4340038,0.0381449834,0,zg,206.0255323,39.471571,1.32799995,0.0930000022,20230429423819,718,0x8,0x4,21.5900002,26.2311764,0.0289851837,-0.0710008666,2.39160872e-05,30,1.21800005,1
889,718108400000362,231130158,2460065.8050531466,60065.3015856,18.4717445,0.039131809,0,zg,206.025539,39.4715574,0.773999989,0.0869999975,20230501301574,718,0x8,0x4,20.7700005,26.2571316,0.0347499959,-0.0488217846,4.16687544e-05,30,1.00800002,1
890,718108400000362,231926334,2460073.766472096,60073.2633449,18.44244,0.0383627079,0,zg,206.0254884,39.4715595,1.23599994,0.148000002,20230509263310,718,0x8,0x4,21.6499996,26.2364826,0.0292927157,-0.0678912327,2.4803534e-05,30,1.00999999,1
891,718108400000362,232338388,2460077.8868183563,60077.3838889,18.4650993,0.0389556289,0,zg,206.0254911,39.4715723,0.700999975,0.00899999961,20230513383877,718,0x8,0x4,21.0900002,26.229372,0.0406596847,-0.088541761,4.97842375e-05,30,1.21099997,1
892,718108400000362,232534436,2460079.8471940127,60079.3443634,18.4636803,0.0389181599,0,zg,206.0255207,39.4715679,0.485000014,0.0130000003,20230515344363,718,0x8,0x4,21.5200005,26.2330456,0.0300876237,-0.0752094537,2.56886833e-05,30,1.10399997,1
893,718108400000362,232731535,2460081.818087051,60081.3153588,18.4687843,0.0390531793,0,zg,206.0255246,39.4715656,1.35699999,0.108000003,20230517315359,718,0x8,0x4,21.7399998,26.2511616,0.0269177612,-0.0691176802,2.06355417e-05,30,1.05599999,1
894,718108400000362,233132944,2460085.8319554287,60085.3294444,18.4739799,0.0391912907,0,zg,206.0255572,39.4715675,1.06099999,0.101000004,20230521329444,718,0x8,0x4,21.8199997,26.2123871,0.0305368453,-0.0803640336,2.64954215e-05,30,1.10699999,1
895,718108400000362,233326596,2460087.7683629403,60087.2659606,18.4782829,0.0393061265,0,zg,206.0255411,39.4715693,1.04299998,0.0670000017,20230523265949,718,0x8,0x4,22.0699997,26.2698746,0.0273587946,-0.0772600546,2.15410801e-05,30,1.01800001,1
896,718108400000362,233529692,2460089.799207064,60089.2969213,18.4576321,0.0387589112,0,zg,206.0255315,39.471561,1.023,0.0879999995,20230525296921,718,0x8,0x4,21.8299999,26.2378769,0.0292612594,-0.0788946897,2.47312601e-05,30,1.06200004,1
897,718108400000362,233833652,2460092.838634524,60092.3365278,18.4289722,0.0380159318,0,zg,206.0255689,39.4715453,0.81400001,0.023,20230528336516,718,0x8,0x4,21.2199993,26.2670918,0.0316690356,-0.103223145,2.91122578e-05,30,1.18700004,1
898,718108400000362,234627113,2460100.772751307,60100.2711343,18.4865952,0.0395292379,0,zg,206.0255147,39.4715686,0.660000026,0.0689999983,20230605270729,718,0x8,0x4,20.7099991,26.2460747,0.0387712307,-0.0342902131,5.25405667e-05,30,1.06900001,1
899,718108400000362,234823554,2460102.737035471,60102.235544,18.3852921,0.0369194262,32768,zg,206.0255079,39.4716332,0.758000016,-0.0529999994,20230607235532,718,0x8,0x4,20.2099991,25.3660126,0.0541715883,-0.0408133343,0.000124869257,30,1.02600002,1
900,718108400000362,235025673,2460104.7580968817,60104.2567361,18.4904079,0.0396321416,0,zg,206.0255455,39.4715605,0.711000025,0.0199999996,20230609256725,718,0x8,0x4,22.0,26.3078136,0.0277889874,-0.102942772,2.23418701e-05,30,1.06299996,1
901,718108400000362,235522218,2460109.7232216066,60109.2221875,18.5219231,0.040495947,0,zg,206.0254953,39.4715628,0.782000005,0.0179999992,20230614222176,718,0x8,0x4,21.7399998,26.2885303,0.0289514214,-0.105982512,2.39540459e-05,30,1.03299999,1
902,718108400000362,235725847,2460111.759370416,60111.2584722,18.4854355,0.0394980088,0,zg,206.025555,39.4715599,0.523000002,0.0370000005,20230616258275,718,0x8,0x4,21.9300003,26.2569542,0.0296467151,-0.0968491584,2.50343764e-05,30,1.10699999,1
903,718108400000362,235926087,2460113.7616433552,60113.2608796,18.4658031,0.038974259,0,zg,206.0255549,39.4715732,1.43400002,0.100000001,20230618260880,718,0x8,0x4,21.8999996,26.2751179,0.0269070044,-0.0755728856,2.07439225e-05,30,1.12800002,1
904,718108400000362,236220269,2460116.7032618783,60116.2026968,18.4718952,0.0391358063,0,zg,206.0255443,39.4715572,0.77700001,-0.00600000005,20230621202685,718,0x8,0x4,21.8999996,26.3162022,0.0316649266,-0.0820015669,2.9616629e-05,30,1.03199995,1
905,718108400000362,236424465,2460118.745079353,60118.2446528,18.3988037,0.037254028,0,zg,206.0254858,39.4716274,1.08700001,0.0219999999,20230623244641,718,0x8,0x4,20.7399998,26.2666626,0.0364716463,-0.0760593563,4.46504637e-05,30,1.12100005,1
906,718108400000362,236625576,2460120.7560537746,60120.2557639,18.5194931,0.0404284969,0,zg,206.0255147,39.4715652,1.42999995,0.0930000022,20230625255729,718,0x8,0x4,21.1000004,26.3001785,0.0330120288,-0.0802443177,3.21762745e-05,30,1.17200005,1
907,718108400000362,236830297,2460122.8031251007,60122.3029745,18.4256229,0.0379303209,0,zg,206.0255815,39.471575,0.672999978,0.00400000019,20230627302975,718,0x8,0x4,20.2800007,26.1867485,0.038429182,-0.0284103844,5.71760829e-05,30,1.43299997,1
908,718108400000362,237026494,2460124.764959335,60124.2649421,18.4787979,0.0393198989,0,zg,206.0255333,39.471551,0.675999999,0.0610000007,20230629264942,718,0x8,0x4,20.7099991,26.246191,0.0333045274,-0.0578751378,3.69524059e-05,30,1.25100005,1
909,718108400000362,237220334,2460126.7032305677,60126.2033449,18.4708366,0.0391076654,0,zg,206.0255371,39.4715667,1.23199999,0.150000006,20230701203333,718,0x8,0x4,20.75,26.2522583,0.0336625203,-0.078124322,3.82174076e-05,30,1.07599998,1
910,718108400000362,238024045,2460134.7397961454,60134.2404514,18.492197,0.0396805182,0,zg,206.0255451,39.471563,1.19299996,0.128999993,20230709240428,718,0x8,0x4,21.7600002,26.2827339,0.0301102512,-0.0835158452,2.61158057e-05,30,1.26400006,1
911,718108400000362,238220100,2460136.700221584,60136.2010069,18.4932442,0.0397088937,0,zg,206.0255715,39.4715627,1.52600002,0.173999995,20230711200995,718,0x8,0x4,21.7999992,26.2868938,0.0315869339,-0.0927863121,2.8407092e-05,30,1.13699996,1
912,718108400000362,238421567,2460138.714753349,60138.2156713,18.4575043,0.0387555622,0,zg,206.0255309,39.471575,0.920000017,0.127000004,20230713215660,718,0x8,0x4,21.3899994,26.0319004,0.0322842747,-0.0628893599,3.03712786e-05,30,1.20500004,1
913,718108400000362,238620631,2460140.705271628,60140.2063194,18.454792,0.0386844538,0,zg,206.0255613,39.4715577,1.03400004,0.0399999991,20230715206285,718,0x8,0x4,21.5699997,26.2533627,0.0305469744,-0.0758099854,2.73421065e-05,30,1.19000006,1
914,718108400000362,240820202,2460162.699665854,60162.2020255,18.5147972,0.0402985401,0,zg,206.0255804,39.4715626,1.70700002,0.134000003,20230806202025,718,0x8,0x4,21.1299992,26.2244854,0.0312781446,-0.0616046898,2.94536057e-05,30,1.49399996,1
915,718108400000362,241018748,2460164.685024833,60164.1874884,18.484705,0.0394783765,0,zg,206.0255737,39.4715638,0.850000024,0.0359999985,20230808187477,718,0x8,0x4,21.0900002,26.184269,0.0292713847,-0.0646018237,2.58376131e-05,30,1.42799997,1
916,718108400000362,241624299,2460170.7402357105,60170.2429977,18.341053,0.0358518213,0,zg,206.0255983,39.471544,0.973999977,-0.00200000009,20230814242998,718,0x8,0x4,20.3099995,25.9794636,0.0416494422,-0.0337448902,6.94719129e-05,30,2.30699992,1
917,718108400000362,241824384,2460172.7409886057,60172.2438426,18.4405766,0.0383144766,32768,zg,206.0255267,39.471568,0.689999998,-0.0240000002,20230816243692,718,0x8,0x4,20.1499996,25.7386894,0.0808709562,-0.0090172505,0.000293812947,30,2.44700003,1
918,718108400000362,253351159,2460288.0105503527,60287.5115972,18.3116302,0.0351649486,0,zg,206.025492,39.4714848,1.14100003,-0.00200000009,20231209511586,718,0x8,0x4,20.6399994,26.2407551,0.0392735824,-0.0755560622,5.22195187e-05,30,1.579,1
919,718108400000362,253553899,2460290.038082795,60289.5389931,18.4350319,0.0381714441,32768,zg,206.0254756,39.471525,1.12800002,-0.0860000029,20231211538982,718,0x8,0x4,20.3500004,25.191988,0.0428075939,-0.0849951133,8.07620527e-05,30,1.34300005,1
920,718108400000362,253749572,2460291.9949519457,60291.4957292,18.3836308,0.0368785523,0,zg,206.0254707,39.471568,0.526000023,-0.0170000009,20231213495729,718,0x8,0x4,21.1900005,26.2271442,0.0349781178,-0.089843981,3.51649542e-05,30,1.625,1
921,718108400000362,255747388,2460311.97450602,60311.4738889,18.4076843,0.0374761857,0,zg,206.0255132,39.4715816,0.954999983,0.0579999983,20240102473877,718,0x8,0x4,20.8500004,26.2696133,0.0354528576,-0.0802398548,3.95074057e-05,30,1.37300003,1
922,718108400000362,256144333,2460315.944226477,60315.4433333,18.3601151,0.0363066345,0,zg,206.0255446,39.4715422,0.421000004,0.00400000019,20240106443333,718,0x8,0x4,20.9099998,26.2211971,0.0325472839,-0.0517240502,3.24712382e-05,30,1.50999999,1
923,718108400000362,257051778,2460325.019298516,60324.5177894,18.4301548,0.0380462147,0,zg,206.0255548,39.4715675,0.61500001,0.0170000009,20240115517789,718,0x8,0x4,21.4799995,26.3382206,0.0307178702,-0.11958269,2.70716919e-05,30,1.07599998,1
924,718108400000362,257349743,2460327.999135159,60327.4974306,18.3616428,0.0363434367,0,zg,206.0255144,39.4715482,0.981999993,0.00300000003,20240118497361,718,0x8,0x4,21.7000008,26.2882233,0.0299623758,-0.108233921,2.56503863e-05,30,1.10300004,1
925,718108400000362,259739049,2460351.893574634,60351.3904977,18.3451939,0.0359499454,0,zg,206.0255356,39.4715833,0.620000005,0.0370000005,20240211390498,718,0x8,0x4,21.2999992,26.3047981,0.0363479741,-0.103750333,3.89190645e-05,30,1.24000001,1
926,718108400000362,259943265,2460353.935824193,60353.4326505,18.3230209,0.0354286917,0,zg,206.0255222,39.4715651,0.677999973,0.0160000008,20240213432650,718,0x8,0x4,21.7600002,26.3502827,0.0322249569,-0.11560519,3.02393983e-05,30,1.08800006,1
927,718108400000362,260143093,2460355.9342020974,60355.4309375,18.3035164,0.0349787399,0,zg,206.0255242,39.471564,0.601000011,-0.0250000004,20240215430903,718,0x8,0x4,21.5200005,26.2897644,0.0313632153,-0.116635099,2.85294846e-05,30,1.08000004,1
928,718208400000712,44438048,2458198.8846533303,58198.3804861,18.0482597,0.0342744254,0,zr,206.0254715,39.47158,1.27600002,0.160999998,20180321380463,718,0x8,0x4,21.0799999,25.9348011,0.0313213281,0.122970752,2.7491762e-05,30,1.01900005,2
929,718208400000712,44441099,2458198.915162825,58198.4109954,18.0446224,0.0341928564,0,zr,206.025449,39.4715759,1.35099995,0.222000003,20180321410984,718,0x8,0x4,21.5699997,26.2742329,0.0366132855,0.124926411,3.77012548e-05,30,1.00800002,2
930,718208400000712,44532693,2458199.831105572,58199.3269329,18.0817699,0.0350388698,32768,zr,206.0254795,39.4715516,1.07500005,0.137999997,20180322326933,718,0x8,0x4,20.0799999,24.9073639,0.0420069285,0.110505715,5.06161014e-05,30,1.09500003,2
931,718208400000712,46033140,2458214.835517209,58214.3314005,18.0670662,0.0347005576,32768,zr,206.0254935,39.4715987,1.03699994,0.0549999997,20180406331377,718,0x8,0x4,19.4799995,25.6156826,0.0487202071,0.13268277,7.67789606e-05,30,1.023,3
932,718208400000712,46033236,2458214.8364778087,58214.3323611,18.0061588,0.0333467796,32768,zr,206.0253975,39.4714598,0.908999979,-0.0960000008,20180406332326,718,0x8,0x4,19.1200008,25.5458069,0.0457587801,0.120853923,9.18170626e-05,30,1.02199996,2
933,718208400000712,46033331,2458214.8374269046,58214.3333102,18.0440788,0.0341806859,32768,zr,206.025326,39.4713657,0.897000015,0.0399999991,20180406333287,718,0x8,0x4,19.3700008,25.5537052,0.0529783666,0.110026047,0.000104834253,30,1.02199996,1
934,718208400000712,46034005,2458214.8441745047,58214.3400579,18.0944443,0.0353341699,0,zr,206.0254265,39.4715741,0.764999986,0.023,20180406340046,718,0x8,0x4,19.8600006,25.7960606,0.0418286137,0.130606726,5.00224196e-05,30,1.01600003,2
935,718208400000712,46224202,2458216.7461160645,58216.2420255,18.0104332,0.0334393382,0,zr,206.0254741,39.4715529,1.19099998,0.0280000009,20180408241968,718,0x8,0x4,20.6299992,26.1768818,0.034080267,0.128940865,3.27163325e-05,30,1.21500003,2
936,718208400000712,46328583,2458217.789907838,58217.2858333,18.1467743,0.0365901031,32768,zr,206.0255102,39.4715478,0.978999972,0.145999998,20180409285810,718,0x8,0x4,20.6100006,25.478178,0.0452445447,0.121114142,5.78820145e-05,30,1.07799995,2
937,718208400000712,46330141,2458217.805486294,58217.301412,18.0277328,0.0338176414,0,zr,206.0254787,39.4715545,1.426,0.172000006,20180409301389,718,0x8,0x4,21.1599998,26.0122375,0.0372540317,0.125049427,3.89700072e-05,30,1.04999995,2
938,718208400000712,46332381,2458217.8278933377,58217.3238194,18.0766258,0.0349199958,32768,zr,206.025509,39.4715858,1.87600005,0.250999987,20180409323773,718,0x8,0x4,21.1000004,25.9671249,0.0363177806,0.124925062,3.7060734e-05,30,1.023,3
939,718208400000712,46332473,2458217.8288077256,58217.3247338,18.119669,0.0359321274,0,zr,206.0254734,39.4715645,1.65900004,0.216999993,20180409324722,718,0x8,0x4,20.8600006,25.8381386,0.0364644453,0.133435279,3.71142924e-05,30,1.02199996,1
940,718208400000712,46332564,2458217.8297220096,58217.3256481,18.0372009,0.0340272523,32768,zr,206.0254919,39.4715753,1.43499994,0.147,20180409325648,718,0x8,0x4,20.3099995,25.3887272,0.0483811945,0.145225078,6.55937984e-05,30,1.02100003,2
941,718208400000712,46335064,2458217.8547216104,58217.3506481,18.0743122,0.0348667018,0,zr,206.0254805,39.4715815,1.13600004,0.100000001,20180409350579,718,0x8,0x4,21.2600002,26.1388283,0.0432215706,0.124163643,5.21998554e-05,30,1.00800002,1
942,718208400000712,46335156,2458217.855635996,58217.3515625,18.1227779,0.0360067748,32768,zr,206.0254551,39.4715807,1.00100005,0.143999994,20180409351562,718,0x8,0x4,21.2600002,26.1012592,0.0324310809,0.13519448,2.94897454e-05,30,1.00800002,2
943,718208400000712,46335259,2458217.8566660807,58217.3525926,18.0715408,0.0348030105,0,zr,206.0254684,39.4715538,2.22600007,0.252999991,20180409352523,718,0x8,0x4,21.3899994,26.1740513,0.0327804908,0.126443535,2.98759824e-05,30,1.00800002,3
944,718208400000712,46335650,2458217.8605780164,58217.3565046,18.0284348,0.0338330939,0,zr,206.0254679,39.4715754,1.32099998,0.185000002,20180409356470,718,0x8,0x4,21.3700008,26.1779881,0.0368304588,0.12498828,3.83408951e-05,30,1.00800002,2
945,718208400000712,46337659,2458217.880670293,58217.3765972,18.1128044,0.035768047,0,zr,206.0254377,39.471564,0.925000012,0.133000001,20180409376562,718,0x8,0x4,21.1399994,26.1133347,0.0320522375,0.132231876,2.90647204e-05,30,1.01199996,2
946,718208400000712,46427998,2458218.784046481,58218.2799884,18.0519562,0.0343576036,0,zr,206.0254591,39.4715874,1.47800004,0.171000004,20180410279965,718,0x8,0x4,21.1200008,26.121521,0.0346232504,0.126299635,3.31283991e-05,30,1.08399999,2
947,718208400000712,46430546,2458218.8095206544,58218.305463,18.0983086,0.0354248956,0,zr,206.025436,39.471569,1.94400001,0.233999997,20180410305185,718,0x8,0x4,21.2099991,26.1738491,0.0357678831,0.129307225,3.51997696e-05,30,1.03999996,2
948,718208400000712,46433092,2458218.83498312,58218.3309259,18.0462036,0.034228269,0,zr,206.0254588,39.471594,1.04900002,0.0970000029,20180410330891,718,0x8,0x4,21.0599995,26.1297646,0.0350875519,0.132345095,3.43224347e-05,30,1.01499999,2
949,718208400000712,46434701,2458218.851070844,58218.3470139,18.0840015,0.0350906141,0,zr,206.0254515,39.4715921,1.30299997,0.181999996,20180410346956,718,0x8,0x4,21.2700005,26.1685619,0.0369690806,0.127716795,3.79741759e-05,30,1.00800002,3
950,718208400000712,46434792,2458218.851985128,58218.3479282,18.0718155,0.0348093398,0,zr,206.0254744,39.471596,1.70000005,0.180999994,20180410347917,718,0x8,0x4,21.1299992,26.1603794,0.0324561633,0.137852207,2.91707966e-05,30,1.00800002,2
951,718208400000712,46437443,2458218.878489372,58218.3744329,18.0899811,0.035229791,0,zr,206.0254181,39.4715648,1.67499995,0.153999999,20180410374398,718,0x8,0x4,21.1100006,26.183609,0.0383470766,0.12873435,4.13922098e-05,30,1.01199996,3
952,718208400000712,46437675,2458218.880815729,58218.3767593,18.0817337,0.0350380428,0,zr,206.0254307,39.4715931,1.61000001,0.151999995,20180410376748,718,0x8,0x4,21.0599995,26.1843586,0.0359871984,0.126436934,3.61503662e-05,30,1.01300001,2
953,718208400000712,46444657,2458218.950629296,58218.4465741,18.1121807,0.0357531942,0,zr,206.0254404,39.471597,1.48099995,0.0540000014,20180410446539,718,0x8,0x4,21.0499992,26.1379242,0.0371381678,0.134790525,3.90781752e-05,30,1.12300003,2
954,718208400000712,46526449,2458219.7685313625,58219.2644907,18.0494308,0.0343007334,0,zr,206.0254752,39.471612,1.25999999,0.0810000002,20180411264398,718,0x8,0x4,20.8799992,26.1980114,0.0348242223,0.131682932,3.37280435e-05,30,1.11500001,2
955,718208400000712,46527592,2458219.7799663604,58219.2759259,18.0484104,0.0342777893,0,zr,206.0254465,39.4715988,1.19000006,0.119999997,20180411275903,718,0x8,0x4,20.9300003,26.2210484,0.0318468213,0.131903023,2.84654816e-05,30,1.08700001,2
956,718208400000712,46527687,2458219.780915444,58219.276875,18.0843773,0.0350993313,0,zr,206.025425,39.471597,1.04499996,0.0450000018,20180411276852,718,0x8,0x4,20.8299999,26.2289982,0.0390995033,0.128718957,4.28396343e-05,30,1.08500004,3
957,718208400000712,46530053,2458219.8045724174,58219.3005324,18.1032181,0.0355405994,0,zr,206.0254313,39.471621,1.48199999,0.204999998,20180411300498,718,0x8,0x4,20.2700005,25.7478104,0.0403736569,0.135960817,4.61398304e-05,30,1.04299998,3
958,718208400000712,46530704,2458219.8110885,58219.3070486,18.0824089,0.0350536741,32768,zr,206.0254249,39.4716185,0.91900003,0.0370000005,20180411307014,718,0x8,0x4,20.0699997,25.62397,0.0437399969,0.130725712,5.47448581e-05,30,1.03499997,2
959,718208400000712,46532854,2458219.832581212,58219.3285417,18.0736866,0.0348523073,0,zr,206.0254171,39.4715928,1.47599995,0.100000001,20180411328507,718,0x8,0x4,20.9799995,26.2522545,0.0423199125,0.133159876,4.97533401e-05,30,1.01499999,2
960,718208400000712,46533949,2458219.84353001,58219.3394907,18.0737991,0.034854915,0,zr,206.0254388,39.4716168,0.430000007,0.0170000009,20180411339456,718,0x8,0x4,20.8899994,26.2374287,0.0372918732,0.13634333,3.89752458e-05,30,1.00999999,2
961,718208400000712,46535699,2458219.861029685,58219.3569907,18.0685654,0.0347348265,0,zr,206.0254313,39.4716668,1.89400005,0.0839999989,20180411356979,718,0x8,0x4,20.8400002,26.2412128,0.0415611826,0.138804957,4.84913071e-05,30,1.00800002,2
962,718208400000712,46537694,2458219.8809830174,58219.3769444,18.0112553,0.03345716,0,zr,206.0253849,39.4716379,0.460000008,-0.0160000008,20180411376887,718,0x8,0x4,20.7999992,26.2509632,0.0395521969,0.132397383,4.43774043e-05,30,1.01499999,2
963,718208400000712,46727744,2458221.7814437337,58221.2774421,18.0423279,0.0341415294,0,zr,206.0252227,39.4716232,0.601000011,-0.119999997,20180413277419,718,0x8,0x4,19.7600002,26.1160297,0.0527276285,0.129517153,0.000137980154,30,1.07299995,2
964,718208400000712,46826518,2458222.7691659974,58222.2651852,18.0759888,0.0349053219,0,zr,206.0254489,39.4715918,0.625,-0.00400000019,20180414265162,718,0x8,0x4,20.5,26.1765156,0.0343923904,0.132136688,3.34729375e-05,30,1.09300005,2
965,718208400000712,46828366,2458222.7876494043,58222.283669,18.0497284,0.0343074352,0,zr,206.0254744,39.4715879,0.739000022,-0.00999999978,20180414283634,718,0x8,0x4,20.4899998,26.1892586,0.0342115946,0.133593261,3.31098672e-05,30,1.05700004,2
966,718208400000712,46830162,2458222.805600424,58222.3016204,18.0315685,0.0339023285,0,zr,206.025456,39.4715381,1.58399999,0.0109999999,20180414301609,718,0x8,0x4,20.4899998,26.189127,0.0342492051,0.127006367,3.30221956e-05,30,1.03100002,1
967,718208400000712,46830256,2458222.8065494,58222.3025694,18.0707664,0.034785267,0,zr,206.0254475,39.4715837,1.41100001,0.0540000014,20180414302546,718,0x8,0x4,20.6700001,26.1893005,0.0335696787,0.127347827,3.15111829e-05,30,1.02999997,2
968,718208400000712,46831075,2458222.8147321222,58222.3107523,18.0873604,0.0351687148,0,zr,206.0254739,39.4716049,1.42200005,-0.00400000019,20180414310729,718,0x8,0x4,20.5200005,26.192873,0.0340687707,0.127286524,3.29922041e-05,30,1.02199996,3
969,718208400000712,46832418,2458222.828169333,58222.3241898,18.0558281,0.0344450362,0,zr,206.0254459,39.471595,1.14499998,0.0529999994,20180414324132,718,0x8,0x4,20.7199993,26.1873837,0.0333177596,0.130486012,3.10849355e-05,30,1.01300001,3
970,718208400000712,46832510,2458222.829083714,58222.3251042,18.0489998,0.0342910588,0,zr,206.0254512,39.4715824,0.920000017,0.0179999992,20180414325093,718,0x8,0x4,20.5200005,26.193552,0.0346134156,0.132577211,3.37838028e-05,30,1.01199996,2
971,718208400000712,46832601,2458222.829997992,58222.3260185,18.0563393,0.0344565772,0,zr,206.0254638,39.4716133,0.963,0.0340000018,20180414326007,718,0x8,0x4,20.6700001,26.1868935,0.0355044492,0.137510747,3.56488235e-05,30,1.01199996,1
972,718208400000712,46833491,2458222.8388982983,58222.334919,18.0313797,0.0338981599,0,zr,206.0254764,39.4716166,1.30299997,0.0599999987,20180414334873,718,0x8,0x4,20.7399998,26.1929722,0.0348466299,0.126921982,3.47273817e-05,30,1.00899994,2
973,718208400000712,46835578,2458222.859765843,58222.355787,18.032692,0.0339272097,0,zr,206.025455,39.47162,0.686999977,0.0120000001,20180414355775,718,0x8,0x4,20.8299999,26.1933117,0.0334728807,0.130490407,3.19656938e-05,30,1.00899994,2
974,718208400000712,46930075,2458223.8047100906,58223.3007523,18.0831013,0.0350697339,0,zr,206.025455,39.4715889,2.00900006,0.162,20180415300752,718,0x8,0x4,21.2900009,26.2066307,0.0442944914,0.11884401,5.53237987e-05,30,1.02900004,3
975,718208400000712,46940228,2458223.9062355524,58223.4022801,18.040966,0.0341111086,0,zr,206.025412,39.471653,1.47300005,0.150999993,20180415402269,718,0x8,0x4,20.7000008,26.2177277,0.0405167975,0.141164228,5.68881042e-05,30,1.05599999,2
976,718208400000712,47025910,2458224.7630442097,58224.2591088,18.1337929,0.0362729654,0,zr,206.0254637,39.4715844,1.18200004,0.128000006,20180416259039,718,0x8,0x4,20.4699993,25.8222408,0.039583005,0.136199012,4.35687143e-05,30,1.09399998,2
977,718208400000712,47029787,2458224.801804891,58224.2978704,18.1038265,0.0355549939,0,zr,206.0254631,39.4716465,0.328000009,0.00999999978,20180416297859,718,0x8,0x4,20.2900009,26.0023441,0.0399823561,0.138717964,4.41892371e-05,30,1.02999997,3
978,718208400000712,47030537,2458224.809304715,58224.3053704,18.0652103,0.0346581712,32768,zr,206.0253848,39.4716169,0.800999999,0.0390000008,20180416305347,718,0x8,0x4,19.8799992,25.5337715,0.0469768941,0.138070107,6.38206329e-05,30,1.02199996,2
979,718208400000712,47031899,2458224.8229270885,58224.3189931,18.0853882,0.0351228155,0,zr,206.0254144,39.4716425,1.204,0.0860000029,20180416318993,718,0x8,0x4,20.2399998,25.8759289,0.0430106521,0.144474417,5.137068e-05,30,1.01300001,2
980,718208400000712,47033554,2458224.839477584,58224.335544,18.0674019,0.0347082131,32768,zr,206.0253448,39.4717571,0.486000001,0.116999999,20180416335544,718,0x8,0x4,18.75,24.5879669,0.0514783189,0.108190276,0.000182129967,30,1.00800002,3
981,718208400000712,47033645,2458224.8403918766,58224.3364583,17.9694939,0.032567855,32768,zr,206.0257522,39.4715474,1.03400004,0.0949999988,20180416336458,718,0x8,0x4,18.8299999,24.5631084,0.0481165871,0.123493165,0.00013778705,30,1.00800002,2
982,718208400000712,47227372,2458226.7776119853,58226.2737269,18.0898285,0.0352262296,0,zr,206.0254932,39.4715622,1.37800002,0.0670000017,20180418273692,718,0x8,0x4,21.0900002,26.1972961,0.0320302285,0.131402269,2.86763534e-05,30,1.05499995,3
983,718208400000712,47228930,2458226.7931902804,58226.2893056,18.1224594,0.035999123,0,zr,206.0254559,39.4715959,2.00500011,0.216999993,20180418289282,718,0x8,0x4,21.1299992,26.1909485,0.031267263,0.135473415,2.75484872e-05,30,1.03299999,2
984,718208400000712,47229025,2458226.7941392567,58226.2902546,18.1441345,0.0365252942,0,zr,206.025499,39.4715842,1.28799999,0.0839999989,20180418290232,718,0x8,0x4,20.9400005,26.2035999,0.0332941301,0.128220156,3.1141135e-05,30,1.03199995,1
985,718208400000712,47230079,2458226.8046829826,58226.3007986,18.1177139,0.0358852819,0,zr,206.0255061,39.4715971,2.09699988,0.319999993,20180418300775,718,0x8,0x4,21.3500004,26.1951828,0.0351919681,0.126245543,3.4567518e-05,30,1.02100003,2
986,718208400000712,47232406,2458226.827946278,58226.3240625,18.1196747,0.0359322652,0,zr,206.025424,39.4715742,1.83899999,0.200000003,20180418324016,718,0x8,0x4,21.1599998,26.183197,0.034456078,0.141390666,3.3296179e-05,30,1.00899994,2
987,718208400000712,47232497,2458226.8288606526,58226.3249769,18.0897274,0.035223864,0,zr,206.025453,39.4715931,1.73099995,0.155000001,20180418324965,718,0x8,0x4,21.1499996,26.1912632,0.0357846171,0.129100844,3.6482139e-05,30,1.00800002,3
988,718208400000712,47232589,2458226.8297749287,58226.3258912,18.0507355,0.0343301073,0,zr,206.025469,39.4715838,1.45500004,0.120999999,20180418325891,718,0x8,0x4,21.1499996,26.1833057,0.0343013965,0.133636683,3.31122865e-05,30,1.00800002,1
989,718208400000712,47235379,2458226.8576792963,58226.3537963,18.1248302,0.0360561833,0,zr,206.02546,39.4715866,0.89200002,0.063000001,20180418353785,718,0x8,0x4,20.9699993,26.2013874,0.0318149105,0.135559186,2.87011153e-05,30,1.01300001,2
990,718208400000712,47326825,2458227.7721108967,58227.2682523,18.0582561,0.0344999991,0,zr,206.0254897,39.4716164,1.10599995,0.0480000004,20180419268160,718,0x8,0x4,20.3999996,25.9289036,0.0372523777,0.133036301,3.86616193e-05,30,1.05999994,2
991,718208400000712,47327461,2458227.7784765256,58227.2746181,18.0897942,0.0352254249,0,zr,206.0254094,39.4716248,1.84399998,0.0799999982,20180419274572,718,0x8,0x4,20.6800003,26.1003895,0.0380745716,0.136527061,4.06687686e-05,30,1.04900002,2
992,718208400000712,47328961,2458227.793476121,58227.2896181,18.0242882,0.0337418206,0,zr,206.0254038,39.4716292,0.888000011,0.0410000011,20180419289583,718,0x8,0x4,20.5599995,26.191967,0.0345686898,0.141358793,3.35231161e-05,30,1.02999997,3
993,718208400000712,47536357,2458229.8673757254,58229.3635764,18.0647583,0.0346478634,0,zr,206.025477,39.4715552,1.29700005,0.174999997,20180421363542,718,0x8,0x4,21.4200001,26.2123547,0.0320952795,0.129529372,2.85534152e-05,30,1.02600002,2
994,718208400000712,47538074,2458229.8845395134,58229.3807407,18.1016865,0.035504438,0,zr,206.0255161,39.4715706,2.45700002,0.216000006,20180421380706,718,0x8,0x4,21.3299999,26.2182446,0.0313017182,0.129458606,2.70573219e-05,30,1.04799998,2
995,718208400000712,47623486,2458230.738634401,58230.2348611,18.0047035,0.0333153494,32768,zr,206.0256087,39.4714636,0.519999981,-0.104999997,20180422234780,718,0x8,0x4,18.8500004,24.4461975,0.0773433894,0.122661859,0.000357533339,30,1.11399996,2
996,718208400000712,47625457,2458230.7583445045,58230.2545718,18.0596581,0.0345318019,0,zr,206.025491,39.4715413,2.14499998,0.261000007,20180422254514,718,0x8,0x4,21.3600006,26.2131233,0.0285357758,0.127164021,2.26903048e-05,30,1.06900001,3
997,718208400000712,47625643,2458230.7602078468,58230.2564352,18.0870914,0.0351624377,0,zr,206.0254857,39.4715653,1.27600002,0.191,20180422256412,718,0x8,0x4,21.3199997,26.2025375,0.0306974221,0.126045525,2.59471417e-05,30,1.06599998,2
998,718208400000712,47627402,2458230.7777999216,58230.2740278,18.3002319,0.0406319238,32768,zr,206.0254409,39.4715175,0.619000018,0.0680000037,20180422274005,718,0x8,0x4,19.9099998,25.0925179,0.0758842975,0.117818013,0.00017543319,30,1.03799999,2
999,718208400000712,47728667,2458231.790419037,58231.2866782,18.1706371,0.0371828228,0,zr,206.0254786,39.471589,2.10899997,0.136999995,20180423286667,718,0x8,0x4,21.0,26.2390862,0.0474689677,0.137183324,7.32418412e-05,30,1.02199996,2
1000,718208400000712,47732239,2458231.8261355115,58231.3223958,18.0791054,0.0349772274,0,zr,206.0254283,39.471638,0.748000026,-0.0810000002,20180423322350,718,0x8,0x4,20.6000004,26.2256641,0.038329225,0.136296675,4.08970736e-05,30,1.00800002,3
1001,718208400000712,47732331,2458231.8270498845,58231.3233102,18.1065254,0.0356188565,0,zr,206.0253778,39.4716079,0.811999977,-0.0299999993,20180423323299,718,0x8,0x4,20.6000004,26.2350693,0.0386538729,0.129334167,4.20312645e-05,30,1.00800002,2
1002,718208400000712,47734260,2458231.8463432747,58231.3426042,18.1717682,0.0372112431,0,zr,206.0253807,39.4716132,0.870000005,-0.0500000007,20180423342593,718,0x8,0x4,20.4799995,26.2282543,0.0387111194,0.13682954,4.24405698e-05,30,1.01400006,2
1003,718208400000712,47822894,2458232.732657562,58232.2289468,18.1622105,0.0369720832,32768,zr,206.0254272,39.471541,0.533999979,0.0250000004,20180424228924,718,0x8,0x4,19.4599991,25.7036686,0.0476412773,0.129682317,7.40337709e-05,30,1.11500001,2
1004,718208400000712,47823290,2458232.7366157365,58232.2329051,18.0631218,0.0346105695,32768,zr,206.0254312,39.4715284,0.745000005,0.00100000005,20180424232870,718,0x8,0x4,19.2600002,25.371624,0.0467011966,0.13836512,9.35782227e-05,30,1.10500002,2
1005,718208400000712,47824664,2458232.7503536963,58232.2466435,18.0855312,0.0351261422,32768,zr,206.0254694,39.4715437,0.702000022,0.0500000007,20180424246620,718,0x8,0x4,19.2900009,25.393034,0.0524425879,0.136826053,0.000109826673,30,1.074,3
1006,718208400000712,47824760,2458232.7513143644,58232.2476042,18.2455788,0.0391289033,32768,zr,206.0254548,39.4715591,0.859000027,0.108999997,20180424247569,718,0x8,0x4,19.2299995,25.3219624,0.0469749272,0.141814381,9.6324351e-05,30,1.07200003,1
1007,718208400000712,48827872,2458242.7820623927,58242.2787269,18.167408,0.0371018909,0,zr,206.0254614,39.4715766,1.36699998,0.170000002,20180504278715,718,0x8,0x4,21.1100006,26.2184563,0.0315060392,0.123074889,2.95296632e-05,30,1.00899994,1
1008,718208400000712,48928233,2458243.7856307705,58243.282338,18.1221333,0.0359912701,0,zr,206.0254536,39.471577,1.85000002,0.216000006,20180505282326,718,0x8,0x4,21.3899994,26.2378502,0.0334279649,0.121189371,3.12557968e-05,30,1.00800002,3
1009,718208400000712,48928325,2458243.7865450303,58243.2832523,18.1296539,0.0361726284,0,zr,206.0254574,39.4715872,1.32299995,0.109999999,20180505283241,718,0x8,0x4,21.2800007,26.2463665,0.0350857377,0.119123675,3.49168622e-05,30,1.00800002,2
1010,718208400000712,48930600,2458243.8092986518,58243.3060069,18.1584225,0.0368778408,0,zr,206.025476,39.4715604,1.14999998,0.172000006,20180505305995,718,0x8,0x4,21.1700001,26.2331524,0.0368853658,0.124439247,3.83699444e-05,30,1.01199996,2
1011,718208400000712,48933303,2458243.8363229805,58243.3330324,18.2225189,0.0385161825,0,zr,206.0255088,39.4715681,1.66400003,0.178000003,20180505333009,718,0x8,0x4,20.9799995,26.2062187,0.0341548398,0.127743497,3.29805844e-05,30,1.03499997,2
1012,718208400000712,49030040,2458244.8036536034,58244.3004051,18.0272903,0.03380787,32768,zr,206.025509,39.4715997,1.45000005,0.191,20180506300359,718,0x8,0x4,19.7700005,25.4032288,0.0620338358,0.129555658,0.000119640652,30,1.01100004,3
1013,718208400000712,49030131,2458244.8045678614,58244.3013194,18.1753063,0.0373003073,0,zr,206.0254438,39.4716017,1.153,0.126000002,20180506301319,718,0x8,0x4,20.6800003,25.9841499,0.0397307947,0.12973012,4.49384133e-05,30,1.01100004,2
1014,718208400000712,49031594,2458244.8191969125,58244.3159491,18.167675,0.0371085815,0,zr,206.0254493,39.4716404,1.22500002,0.0560000017,20180506315926,718,0x8,0x4,20.7099991,26.1674995,0.0358729772,0.133884907,3.65759879e-05,30,1.01999998,2
1015,718208400000712,49033568,2458244.8389298394,58244.3356829,18.1052361,0.0355883203,0,zr,206.0254218,39.4716265,0.615999997,-0.0199999996,20180506335637,718,0x8,0x4,20.7900009,26.2181568,0.0385711491,0.134810761,4.24482168e-05,30,1.04200006,2
1016,718208400000712,49119334,2458245.6965538026,58245.1933449,17.9483089,0.0321297944,32768,zr,206.0255024,39.4716107,0.550000012,0.0820000023,20180507193322,718,0x8,0x4,19.7700005,25.0250378,0.0694629997,0.134203628,0.000150886655,30,1.11500001,2
1017,718208400000712,49134341,2458245.846616574,58245.3434144,18.1342735,0.0362846293,32768,zr,206.0253053,39.4716879,0.773999989,0.291999996,20180507343391,718,0x8,0x4,19.1599998,25.4370632,0.0555785783,0.143785372,0.000174248082,30,1.05799997,1
1018,718208400000712,49134437,2458245.847577144,58245.344375,18.1083927,0.0356631242,32768,zr,206.0253106,39.4715248,0.961000025,-0.545000017,20180507344340,718,0x8,0x4,19.4500008,25.5322018,0.0586045943,0.131543264,0.000170728876,30,1.05999994,2
1019,718208400000712,49134532,2458245.8485261863,58245.3453241,18.2260094,0.0386081226,32768,zr,206.0254497,39.4717475,0.566999972,0.458999991,20180507345301,718,0x8,0x4,19.4500008,25.611721,0.0503379479,0.116395339,0.000126147279,30,1.06099999,3
1020,718208400000712,49224694,2458246.75010571,58246.2469444,18.0785732,0.0349649452,0,zr,206.0253794,39.4716631,0.389999986,0.0260000005,20180508246944,718,0x8,0x4,20.6000004,26.2383518,0.0390840098,0.128591046,4.43642384e-05,30,1.02100003,3
1021,718208400000712,49224790,2458246.751066368,58246.2479051,18.2188644,0.038420219,0,zr,206.0254144,39.4716558,1.04799998,0.149000004,20180508247870,718,0x8,0x4,20.7199993,26.2515411,0.0379661024,0.131397575,4.52034692e-05,30,1.01999998,2
1022,718208400000712,49225709,2458246.760255747,58246.2570949,18.074194,0.0348639898,0,zr,206.0253498,39.4716615,1.09399998,0.0130000003,20180508257095,718,0x8,0x4,20.5100002,26.2339134,0.0410725251,0.138264179,5.23873605e-05,30,1.01400006,2
1023,718208400000712,49324940,2458247.7525248337,58247.2494097,18.1035423,0.0355482586,32768,zr,206.0254465,39.4715984,1.17900002,0.0839999989,20180509249398,718,0x8,0x4,21.1700001,26.3331089,0.072320953,0.112895966,0.000157122573,30,1.01699996,2
1024,718208400000712,49325997,2458247.7630915414,58247.2599769,18.1371651,0.0363549851,0,zr,206.0254191,39.4716059,0.917999983,0.0529999994,20180509259942,718,0x8,0x4,21.1299992,26.2467232,0.0523594134,0.12890406,7.82185962e-05,30,1.01100004,3
1025,718208400000712,49326090,2458247.764017399,58247.2609028,18.1569023,0.0368401259,0,zr,206.0254447,39.471611,0.925000012,0.075000003,20180509260891,718,0x8,0x4,21.1800003,26.2784443,0.0519055538,0.129272223,7.63131538e-05,30,1.00999999,2
1026,718208400000712,49329020,2458247.793321529,58247.2902083,18.14011,0.0364268161,0,zr,206.0254144,39.4716603,0.731000006,0.0489999987,20180509290197,718,0x8,0x4,20.9200001,26.2566891,0.0405797698,0.129234925,4.66637393e-05,30,1.00999999,2
1027,718208400000712,49426687,2458248.7699423814,58248.266875,18.1094818,0.035689,32768,zr,206.0254116,39.4716251,0.707000017,-0.0810000002,20180510266840,718,0x8,0x4,20.8700008,26.3150921,0.0624620281,0.116824903,0.000110103501,30,1.00800002,1
1028,718208400000712,49426778,2458248.7708567367,58248.2677894,18.1527824,0.0367381424,32768,zr,206.0254037,39.4716423,0.963,0.0520000011,20180510267778,718,0x8,0x4,20.9300003,26.3113708,0.0573257804,0.112999991,0.000133087306,30,1.00800002,2
1029,718208400000712,49426879,2458248.771863588,58248.2687963,18.0739536,0.0348584466,0,zr,206.0254444,39.471668,1.27699995,0.109999999,20180510268750,718,0x8,0x4,20.9400005,26.3575897,0.0540025868,0.113714702,9.70650945e-05,30,1.00800002,3
1030,718208400000712,49428160,2458248.7846754817,58248.2816088,18.1209526,0.0359629206,0,zr,206.0254002,39.4716343,1.03699994,0.142000005,20180510281574,718,0x8,0x4,20.8400002,26.2565613,0.0379749499,0.134139091,5.39369503e-05,30,1.00800002,2
1031,718208400000712,50127094,2458255.773665045,58255.2709491,18.1742134,0.0372727625,0,zr,206.0254087,39.4716186,1.40799999,-0.0659999996,20180517270938,718,0x8,0x4,20.9099998,26.2207508,0.0403598882,0.140369385,4.50387488e-05,30,1.01100004,2
1032,718208400000712,50129178,2458255.7944972343,58255.2917824,18.1209641,0.0359632112,0,zr,206.0253858,39.4716594,1.49000001,0.0769999996,20180517291782,718,0x8,0x4,20.8299999,26.2255383,0.038045112,0.140619889,4.68320541e-05,30,1.02600002,2
1033,718208400000712,50226884,2458256.771505438,58256.2688426,18.1362076,0.0363316797,0,zr,206.0254903,39.4715465,1.352,0.0900000036,20180518268843,718,0x8,0x4,21.4200001,26.2647724,0.0265126824,0.1208914,1.964681e-05,30,1.01100004,2
1034,718208400000712,50321907,2458257.7216856945,58257.2190741,18.1582432,0.0368734002,0,zr,206.0254581,39.4716102,1.50899994,0.167999998,20180519219062,718,0x8,0x4,21.25,26.1708317,0.0404107235,0.130779311,4.48913306e-05,30,1.01900005,2
1035,718208400000712,50324864,2458257.751255792,58257.2486458,18.1434021,0.0365073569,0,zr,206.0254691,39.4716052,1.23000002,0.136000007,20180519248600,718,0x8,0x4,21.0699997,26.1529751,0.0332721584,0.141438663,3.04143196e-05,30,1.00699997,2
1036,718208400000712,50326179,2458257.7644032743,58257.261794,18.1735592,0.0372563154,0,zr,206.0253927,39.4716012,0.800000012,0.00899999961,20180519261782,718,0x8,0x4,21.0,26.1790905,0.0369339138,0.131547019,3.84371378e-05,30,1.00899994,3
1037,718208400000712,50326269,2458257.765306025,58257.2626968,18.2124977,0.0382538177,0,zr,206.0254211,39.471621,0.907999992,0.0309999995,20180519262697,718,0x8,0x4,20.9599991,26.1850014,0.0335586779,0.131741941,3.12252923e-05,30,1.00999999,2
1038,718208400000712,50328068,2458257.7832911457,58257.2806829,18.1493912,0.0366544798,0,zr,206.0254366,39.4716117,0.70599997,-0.0579999983,20180519280660,718,0x8,0x4,21.0100002,26.1889305,0.0378732048,0.136149302,3.99531418e-05,30,1.01999998,2
1039,718208400000712,50328159,2458257.7842053943,58257.2815972,18.1555405,0.0368063524,0,zr,206.0254218,39.471628,0.43900001,-0.00899999961,20180519281586,718,0x8,0x4,20.9200001,26.1990738,0.0423578471,0.129820034,5.00129645e-05,30,1.02100003,3
1040,718208400000712,50330900,2458257.8116112994,58257.3090046,18.1866837,0.0375886299,0,zr,206.025404,39.4715791,1.27499998,0.0120000001,20180519308981,718,0x8,0x4,20.9099998,26.1751919,0.0388695672,0.129752338,4.23677884e-05,30,1.05499995,2
1041,718208400000712,50333166,2458257.834272157,58257.3316667,18.1266708,0.0361005589,0,zr,206.025451,39.4716077,0.448000014,-0.0149999997,20180519331644,718,0x8,0x4,21.0100002,26.1582165,0.0422833934,0.135314539,5.00457645e-05,30,1.10099995,2
1042,718208400000712,50422759,2458258.730149131,58258.2275926,18.147686,0.0366125256,0,zr,206.0254516,39.4715806,1.97899997,0.206,20180520227593,718,0x8,0x4,21.1100006,26.1482544,0.0369189866,0.134382874,3.76501666e-05,30,1.01199996,2
1043,718208400000712,50423655,2458258.739106935,58258.2365509,18.0757389,0.0348995551,0,zr,206.0254239,39.4716176,1.01199996,0.075000003,20180520236505,718,0x8,0x4,20.7900009,26.159359,0.0433472656,0.142872036,5.38299901e-05,30,1.00899994,3
1044,718208400000712,50423746,2458258.740021286,58258.2374653,18.1496181,0.0366600603,0,zr,206.0254332,39.4716054,1.69700003,0.0649999976,20180520237454,718,0x8,0x4,21.0100002,26.1771851,0.0459016934,0.137177765,5.83659385e-05,30,1.00800002,1
1045,718208400000712,50423837,2458258.7409355347,58258.2383796,18.1880741,0.0376240872,0,zr,206.0254419,39.4716249,2.16599989,0.199000001,20180520238368,718,0x8,0x4,21.0100002,26.1656094,0.04315475,0.135323122,5.13987798e-05,30,1.00800002,2
1046,718208400000712,50427070,2458258.7732601487,58258.270706,18.1265221,0.036096964,0,zr,206.0253876,39.4716645,1.53499997,0.0140000004,20180520270706,718,0x8,0x4,20.7399998,26.1671009,0.0379757918,0.135871544,4.56000453e-05,30,1.01499999,2
1047,718208400000712,50830374,2458262.8060771045,58262.30375,18.0738716,0.0348565876,0,zr,206.0253654,39.4716896,0.615999997,0.00700000022,20180524303727,718,0x8,0x4,20.0200005,26.1874027,0.0452325977,0.140330017,9.63376806e-05,30,1.07000005,1
1048,718208400000712,51227568,2458266.777776787,58266.2756829,18.0461807,0.0342277661,0,zr,206.0254646,39.4715851,0.774999976,0.0299999993,20180528275660,718,0x8,0x4,19.9599991,26.180706,0.044638589,0.144550189,5.54298822e-05,30,1.04200006,1
1049,718208400000712,51330832,2458267.8103535944,58267.3083218,18.1771355,0.037346486,0,zr,206.0254698,39.471565,1.18700004,0.194999993,20180529308299,718,0x8,0x4,20.2900009,26.1965752,0.0392752886,0.126793399,4.38751886e-05,30,1.11099994,2
1050,718208400000712,51516723,2458269.6691524712,58269.1672338,18.154623,0.0367836542,0,zr,206.025487,39.4715708,1.35399997,0.145999998,20180531166968,718,0x8,0x4,21.1100006,26.2211895,0.0293366481,0.120196648,2.44068724e-05,30,1.03900003,2
1051,718208400000712,51516912,2458269.6710389536,58269.1691204,18.1395988,0.036414355,0,zr,206.0254824,39.4715985,1.48199999,0.162,20180531169097,718,0x8,0x4,21.0699997,26.2081661,0.0347019583,0.131481498,3.40296028e-05,30,1.03600001,2
1052,718208400000712,51520222,2458269.704138724,58269.2022222,18.2134552,0.0382787772,0,zr,206.0254312,39.4716091,0.656000018,0.00300000003,20180531202222,718,0x8,0x4,20.5900002,26.2229099,0.0450845994,0.136789888,5.84235968e-05,30,1.00999999,1
1053,718208400000712,51520313,2458269.705053068,58269.2031366,18.1376839,0.036367625,0,zr,206.0254443,39.4716232,0.963999987,0.0960000008,20180531203137,718,0x8,0x4,20.4400005,26.2151871,0.0346328393,0.130846202,3.41343293e-05,30,1.00999999,2
1054,718208400000712,51630607,2458270.8079248765,58270.3060764,18.1614685,0.0369535796,0,zr,206.0255118,39.4715781,0.947000027,0.0659999996,20180601306076,718,0x8,0x4,20.8899994,26.1857719,0.0293089375,0.120240174,2.46592426e-05,30,1.12699997,2
1055,718208400000712,51632177,2458270.823618296,58270.3217708,18.1950474,0.0378024653,0,zr,206.0255289,39.4715841,1.31099999,0.170000002,20180601321736,718,0x8,0x4,20.7700005,26.1593571,0.032158222,0.126519516,2.93972971e-05,30,1.176,2
1056,718208400000712,51717005,2458271.671852754,58271.1700579,18.168602,0.0371317826,0,zr,206.0254815,39.4716273,0.882000029,0.057,20180602170035,718,0x8,0x4,20.9599991,26.2251854,0.0273240823,0.0992069244,2.11105507e-05,30,1.02900004,2
1057,718208400000712,51817135,2458272.673086457,58272.1713542,18.1165009,0.0358562842,0,zr,206.0254816,39.4715599,1.40400004,0.126000002,20180603171319,718,0x8,0x4,21.5300007,26.189888,0.0293344259,0.117261901,2.5303576e-05,30,1.02499998,2
1058,718208400000712,51817229,2458272.6740238992,58272.1722917,18.1290359,0.03615769,0,zr,206.0255085,39.4715636,1.82299995,0.159999996,20180603172269,718,0x8,0x4,21.4899998,26.2234135,0.0317897201,0.115746431,2.94937217e-05,30,1.02400005,1
1059,718208400000712,51828513,2458272.786863996,58272.2851389,18.1558533,0.0368141159,0,zr,206.025512,39.4715483,0.95599997,0.126000002,20180603285116,718,0x8,0x4,21.2000008,26.1941166,0.0294872206,0.123066247,2.51039437e-05,30,1.08800006,2
1060,718208400000712,51932884,2458273.830501886,58273.3288426,18.1937046,0.0377680436,0,zr,206.0255028,39.4715501,1.83399999,0.236000001,20180604328819,718,0x8,0x4,21.2800007,26.2020054,0.0319925025,0.121048592,2.90701355e-05,30,1.23500001,2
1061,718208400000712,52020767,2458274.709277184,58274.2076736,18.2407684,0.0390000567,0,zr,206.0254501,39.471583,1.22399998,0.203999996,20180605207674,718,0x8,0x4,21.4200001,26.2209568,0.0299954731,0.126646534,2.59359349e-05,30,1.00800002,2
1062,718208400000712,52031067,2458274.812268292,58274.3106713,18.0917625,0.0352714211,0,zr,206.0254984,39.4715667,1.454,0.151999995,20180605310648,718,0x8,0x4,21.6499996,26.2240925,0.0276390836,0.123582393,2.18625719e-05,30,1.17499995,2
1063,718208400000712,52228085,2458276.782327316,58276.2808565,18.0904732,0.0352412909,0,zr,206.0254762,39.4715381,1.55200005,0.171000004,20180607280822,718,0x8,0x4,21.7000008,26.2314682,0.0292807855,0.121056333,2.44332805e-05,30,1.10399997,2
1064,718208400000712,52228179,2458276.7832647543,58276.281794,18.1082973,0.0356608629,0,zr,206.0255095,39.4715801,2.11899996,0.261000007,20180607281771,718,0x8,0x4,21.6599998,26.2342854,0.0310154557,0.12231534,2.72989619e-05,30,1.10599995,1
1065,718208400000712,52324828,2458277.7496953257,58277.248287,18.0647717,0.0346481614,0,zr,206.0254898,39.4715572,1.39600003,0.172999993,20180608248241,718,0x8,0x4,21.4099998,26.1695232,0.0351572186,0.126059741,3.46584457e-05,30,1.046,2
1066,718208400000712,52326449,2458277.765897968,58277.2644907,18.1497498,0.0366633236,0,zr,206.0255091,39.4715879,2.43499994,0.298000008,20180608264421,718,0x8,0x4,21.3799992,26.1924629,0.0429255478,0.132343933,5.19832356e-05,30,1.07299995,2
1067,718208400000712,52327903,2458277.7804457187,58277.2790394,18.1138802,0.0357936844,0,zr,206.0255056,39.4715717,2.0150001,0.172000006,20180608278808,718,0x8,0x4,21.6100006,26.2246666,0.0398052447,0.118195578,4.47571474e-05,30,1.10599995,2
1068,718208400000712,52524263,2458279.7439173367,58279.2426389,18.2314949,0.038753204,0,zr,206.0254587,39.4715805,0.796000004,0.148000002,20180610242593,718,0x8,0x4,21.25,26.2040386,0.0313148685,0.128120318,2.77699219e-05,30,1.04499996,1
1069,718208400000712,52524358,2458279.7448663767,58279.243588,18.2135887,0.0382822603,0,zr,206.0254969,39.4715831,1.07000005,0.136999995,20180610243565,718,0x8,0x4,21.3999996,26.2241383,0.0315216295,0.124896765,2.80606746e-05,30,1.04700005,2
1070,718208400000712,52525798,2458279.7592635285,58279.2579861,18.1118851,0.0357461572,0,zr,206.0254878,39.4715662,1.70000005,0.214000002,20180610257917,718,0x8,0x4,21.5799999,26.2265244,0.0313690938,0.124128684,2.82553792e-05,30,1.07099998,2
1071,718208400000712,52529157,2458279.792849312,58279.2915741,18.1387711,0.0363941342,0,zr,206.0255173,39.47157,1.53299999,0.187999994,20180610291551,718,0x8,0x4,21.5300007,26.2334538,0.0305203218,0.118284509,2.62909998e-05,30,1.15699995,2
1072,718208400000712,52617748,2458280.678705521,58280.1774884,18.1972332,0.0378586277,0,zr,206.0254894,39.4715929,0.879999995,0.061999999,20180611177303,718,0x8,0x4,21.1000004,26.2077179,0.0310816076,0.129416689,2.70019482e-05,30,1.00800002,2
1073,718208400000712,52619458,2458280.695799296,58280.1945833,18.1682491,0.0371229425,0,zr,206.0254795,39.4715844,1.551,0.172999993,20180611194549,718,0x8,0x4,21.4799995,26.2157497,0.031080164,0.129868537,2.69133834e-05,30,1.00800002,2
1074,718208400000712,52629947,2458280.80068826,58280.2994792,18.0330544,0.033935234,0,zr,206.0255529,39.4715475,2.77099991,0.263999999,20180611299456,718,0x8,0x4,21.5799999,26.2657528,0.0357432812,0.114539966,3.61351995e-05,30,1.19400001,2
1075,718208400000712,52822101,2458282.722100659,58282.2210185,18.1324768,0.0362410136,0,zr,206.0254836,39.4715467,2.08500004,0.236000001,20180613220995,718,0x8,0x4,21.5,26.2139664,0.0323464796,0.123252928,2.89051695e-05,30,1.028,1
1076,718208400000712,53017548,2458284.676438172,58284.1754861,18.1552563,0.0367993303,0,zr,206.0254761,39.471571,0.847000003,0.137999997,20180615175266,718,0x8,0x4,21.1399994,26.1757851,0.0320900679,0.127741873,2.88649862e-05,30,1.00699997,2
1077,718208400000712,53019591,2458284.696865106,58284.1959144,18.1327648,0.0362480171,0,zr,206.0254819,39.4715561,1.08099997,0.0960000008,20180615195868,718,0x8,0x4,21.4699993,26.1863117,0.0317216553,0.12904872,2.79921715e-05,30,1.01300001,2
1078,718208400000712,53029009,2458284.7910369686,58284.2900926,18.2212601,0.0384830944,0,zr,206.0254733,39.4715875,1.79900002,0.224999994,20180615290069,718,0x8,0x4,21.4300003,26.1698303,0.029299248,0.126656935,2.44810381e-05,30,1.20000005,2
1079,718208400000712,53117703,2458285.677922075,58285.177037,18.3072052,0.0408289619,32768,zr,206.0254808,39.471537,0.671000004,-0.131999999,20180616177025,718,0x8,0x4,19.1499996,24.4576149,0.0539606102,0.123812996,0.00014152014,30,1.00699997,1
1080,718208400000712,53228587,2458286.7866902184,58286.2858796,18.1918907,0.0377215706,0,zr,206.0254802,39.4715888,0.875999987,0.074000001,20180617285856,718,0x8,0x4,21.2700005,26.200573,0.0295242108,0.126277789,2.4524039e-05,30,1.20500004,2
1081,718208400000712,53229832,2458286.799131576,58286.2983218,18.1938591,0.0377719775,0,zr,206.0255041,39.4715677,1.36000001,0.0780000016,20180617298287,718,0x8,0x4,21.3999996,26.2295647,0.0291825775,0.122891925,2.41658272e-05,30,1.25699997,2
1082,718208400000712,53232101,2458286.821826732,58286.3210185,18.118885,0.0359133519,0,zr,206.0255125,39.4715821,1.54299998,0.0700000003,20180617320995,718,0x8,0x4,21.3799992,26.2307129,0.0274946224,0.11367391,2.15801774e-05,30,1.37899995,2
1083,718208400000712,53325538,2458287.7561273044,58287.2553819,18.206049,0.0380861945,0,zr,206.0254841,39.4715647,1.80200005,0.181999996,20180618255359,718,0x8,0x4,21.25,26.1995564,0.0286463872,0.132374138,2.25697186e-05,30,1.11500001,2
1084,718208400000712,53329799,2458287.7987402044,58287.2979977,18.1521416,0.0367223024,0,zr,206.0255047,39.4715839,1.38699996,0.129999995,20180618297963,718,0x8,0x4,21.2999992,26.2067299,0.0282798782,0.121233247,2.26828906e-05,30,1.26900005,2
1085,718208400000712,53423762,2458288.738306472,58288.2376273,18.1555824,0.0368074179,0,zr,206.0254685,39.4715628,1.25800002,0.156000003,20180619237558,718,0x8,0x4,21.2000008,26.1850471,0.0289848372,0.129860222,2.34241306e-05,30,1.08000004,1
1086,718208400000712,53723957,2458291.740047792,58291.2395718,18.242384,0.0390432589,0,zr,206.0255105,39.4715844,1.58399999,0.194999993,20180622239560,718,0x8,0x4,20.7800007,26.1732979,0.0333434641,0.132342488,3.13401288e-05,30,1.10300004,1
1087,718208400000712,53924031,2458293.740652648,58293.2403125,18.2666245,0.0396991149,0,zr,206.0254932,39.4716344,0.68599999,0.0820000023,20180624240278,718,0x8,0x4,20.3400002,26.2125626,0.0414433219,0.130209491,4.8913007e-05,30,1.11899996,2
1088,718208400000712,53926945,2458293.769794154,58293.269456,18.2095261,0.0381764546,0,zr,206.0255099,39.4715498,1.51800001,0.179000005,20180624269329,718,0x8,0x4,20.8199997,26.1917152,0.0283907428,0.127785936,2.31154863e-05,30,1.21599996,2
1089,718208400000712,54024663,2458294.7469036486,58294.2466319,18.2064362,0.0380962342,0,zr,206.0254722,39.4715826,1.10000002,0.163000003,20180625246609,718,0x8,0x4,20.9699993,26.220192,0.0313377343,0.12067169,2.79286378e-05,30,1.14499998,1
1090,718208400000712,54124935,2458295.749555474,58295.2493519,18.2819271,0.0401204452,0,zr,206.0255055,39.4715709,2.24600005,0.323000014,20180626249329,718,0x8,0x4,20.9899998,26.1844864,0.0338625871,0.1295311,3.22367705e-05,30,1.16199994,2
1091,718208400000712,54125535,2458295.755561963,58295.2553588,18.1603432,0.0369255729,0,zr,206.0255082,39.4715449,1.31400001,0.192000002,20180626255324,718,0x8,0x4,20.8099995,26.1740055,0.0310567468,0.132717311,2.71192803e-05,30,1.18299997,2
1092,718208400000712,54127579,2458295.776000356,58295.2757986,18.2552166,0.0393887274,0,zr,206.0254874,39.471568,0.897000015,0.0839999989,20180626275775,718,0x8,0x4,20.9099998,26.1798458,0.0336417817,0.125421971,3.15758007e-05,30,1.26699996,2
1093,718208400000712,54223989,2458296.740032027,58296.2398958,18.1912003,0.0377039164,0,zr,206.0255123,39.4715816,1.12899995,0.135000005,20180627239873,718,0x8,0x4,20.9300003,26.2297211,0.0281843655,0.118372396,2.19494468e-05,30,1.14100003,2
1094,718208400000712,54227041,2458296.7705508326,58296.2704167,18.2338905,0.0388167612,0,zr,206.0255372,39.4715686,1.14400005,0.101999998,20180627270394,718,0x8,0x4,20.7399998,26.1753731,0.0292769093,0.12610665,2.40144163e-05,30,1.255,2
1095,718208400000712,54227506,2458296.775203212,58296.2750694,18.2114525,0.0382265784,0,zr,206.0255213,39.4715739,1.13399994,0.128999993,20180627275046,718,0x8,0x4,20.8299999,26.1709557,0.0369839743,0.130261958,3.81812133e-05,30,1.27699995,2
1096,718208400000712,54326586,2458297.7659345567,58297.2658681,18.2641449,0.0396313816,0,zr,206.0254869,39.4715814,0.421000004,0.0579999983,20180628265845,718,0x8,0x4,20.4300003,26.1597061,0.0364259034,0.129063666,3.77919605e-05,30,1.24699998,2
1097,718208400000712,54326681,2458297.766883495,58297.2668171,18.2098389,0.038184572,0,zr,206.0255072,39.4715615,1.51199996,0.157000005,20180628266794,718,0x8,0x4,20.3799992,26.1744385,0.0375801325,0.126109347,4.02394871e-05,30,1.25100005,1
1098,718208400000712,54328717,2458297.787240891,58297.2871759,18.2518253,0.039297048,0,zr,206.0254784,39.4715973,0.80400002,0.0450000018,20180628287164,718,0x8,0x4,20.3199997,26.1454639,0.0341092497,0.139823392,3.28495298e-05,30,1.35599995,2
1099,718208400000712,54329906,2458297.7991266777,58297.2990625,18.1699486,0.0371655636,0,zr,206.0255386,39.4715804,0.490999997,-0.0149999997,20180628299039,718,0x8,0x4,20.0900002,26.1566525,0.0411073379,0.130445585,4.73966684e-05,30,1.43299997,2
1100,718208400000712,54425991,2458298.759917916,58298.259919,18.2111778,0.0382194072,0,zr,206.0255285,39.4715802,0.991999984,0.119999997,20180629259873,718,0x8,0x4,20.4200001,26.1766682,0.034437459,0.136327535,3.31471856e-05,30,1.23300004,2
1101,718208400000712,54428024,2458298.780240616,58298.2802431,18.3044815,0.0407518595,0,zr,206.0254768,39.4715785,0.754999995,0.104000002,20180629280231,718,0x8,0x4,20.3799992,26.1289177,0.032818839,0.137504444,3.04542646e-05,30,1.33200002,2
1102,718208400000712,54430981,2458298.80981028,58298.3098148,18.0942879,0.0353305116,0,zr,206.0254474,39.4715532,0.834999979,-0.0329999998,20180629309815,718,0x8,0x4,19.8999996,26.1159496,0.0437507704,0.144153714,5.44528521e-05,30,1.53600001,2
1103,718208400000712,54618135,2458300.6812227387,58300.1813542,18.1476974,0.0366127864,0,zr,206.0254953,39.4715827,2.05599999,0.217999995,20180701181343,718,0x8,0x4,21.3700008,26.1792278,0.0272736736,0.127152115,2.09253667e-05,30,1.03999996,1
1104,718208400000712,55217856,2458306.6780288154,58306.1785648,18.2500648,0.039249558,0,zr,206.0254093,39.4716082,1.23699999,0.0900000036,20180707178507,718,0x8,0x4,20.6399994,26.0655079,0.0372710228,0.121685028,5.15992615e-05,30,1.05999994,1
1105,718208400000712,55717777,2458311.6769097755,58311.1777778,18.1531563,0.0367473625,0,zr,206.0255167,39.4715416,1.65199995,0.170000002,20180712177755,718,0x8,0x4,21.2700005,26.0220318,0.0304107051,0.124866977,2.62082813e-05,30,1.08599997,1
1106,718208400000712,56223495,2458316.733757202,58316.2349537,18.1837387,0.0375137329,0,zr,206.0255481,39.471558,2.19099998,0.247999996,20180717234931,718,0x8,0x4,21.2399998,26.0812511,0.0307668597,0.116257228,2.65559429e-05,30,1.35500002,2
1107,718208400000712,56225651,2458316.7553182985,58316.2565162,18.2377739,0.0389201194,32768,zr,206.0255087,39.4715992,0.280000001,0.0130000003,20180717256493,718,0x8,0x4,20.5599995,25.8452682,0.0379809178,0.0997467637,4.11273031e-05,30,1.50300002,2
1108,718208400000712,57121262,2458325.7108739247,58325.2126273,18.162302,0.036974337,0,zr,206.0255304,39.4715527,1.05299997,0.147,20180726212535,718,0x8,0x4,20.5,26.1106167,0.0324836187,0.135262191,3.01502951e-05,30,1.36899996,2
1109,718208400000712,57121739,2458325.715642133,58325.2173958,18.2468872,0.0391640589,0,zr,206.0255027,39.4715803,0.957000017,0.172000006,20180726217361,718,0x8,0x4,20.3600006,26.1041832,0.0365772471,0.132605851,3.84522828e-05,30,1.39900005,1
1110,718208400000712,57123342,2458325.731671263,58325.2334259,18.3126049,0.0409823693,0,zr,206.0255401,39.4715674,0.584999979,0.0460000001,20180726233356,718,0x8,0x4,20.3600006,26.1100235,0.0355444625,0.115823008,3.62958344e-05,30,1.51600003,2
1111,718208400000712,57126806,2458325.7663103607,58325.2680671,18.1644897,0.0370289311,0,zr,206.0255738,39.4715994,1.18400002,0.144999996,20180726268044,718,0x8,0x4,20.0100002,26.0306149,0.0404972024,0.119337253,4.77581852e-05,30,1.88399994,2
1112,718208400000712,57716516,2458331.6630628314,58331.165162,18.1522141,0.036724098,0,zr,206.0254902,39.4715561,1.69400001,0.201000005,20180801165150,718,0x8,0x4,21.0400009,26.0987186,0.035520073,0.133999422,3.45078479e-05,30,1.21399999,1
1113,718208400000712,58015886,2458334.656600929,58334.1588657,18.1612701,0.0369486511,0,zr,206.0254807,39.4715667,1.60300004,0.389999986,20180804158854,718,0x8,0x4,20.6900005,26.1446514,0.0356355496,0.129440308,3.48003778e-05,30,1.222,1
1114,718208400000712,58320062,2458337.6981982198,58337.200625,18.1913719,0.0377083011,0,zr,206.0255309,39.471588,0.488999993,0.0209999997,20180807200613,718,0x8,0x4,20.9400005,26.1280193,0.0315335914,0.12691547,2.77340114e-05,30,1.51699996,1
1115,718208400000712,59419281,2458348.689860357,58348.1928125,18.1554413,0.0368039012,0,zr,206.0254569,39.4715842,0.504999995,0.0460000001,20180818192812,718,0x8,0x4,20.2099991,26.0090046,0.0368498378,0.134612471,3.96343567e-05,30,1.73500001,1
1116,718208400000712,69450886,2458449.0070049367,58448.5088657,17.9708977,0.0325972065,0,zr,206.0255255,39.4715571,0.787,0.0430000015,20181126508866,718,0x8,0x4,20.1900005,26.1341419,0.0363467708,0.127611086,3.77619035e-05,30,2.05800009,1
1117,718208400000712,69455621,2458449.0543574486,58448.5562153,18.0690861,0.0347467512,0,zr,206.0254582,39.4715691,0.361000001,0.0250000004,20181126556204,718,0x8,0x4,20.3600006,26.1751728,0.0321634263,0.132751912,2.95755908e-05,30,1.50399995,1
1118,718208400000712,71151401,2458466.0132597582,58465.5140162,18.0933838,0.035309352,0,zr,206.0255414,39.4716314,0.614000022,-0.00899999961,20181213514016,718,0x8,0x4,20.4899998,26.2505875,0.0341122039,0.0822675452,3.38740101e-05,30,1.472,1
1119,718208400000712,71453324,2458469.032691955,58468.5332407,18.0485458,0.0342808515,0,zr,206.0255103,39.4715634,1.24199998,0.149000004,20181216533241,718,0x8,0x4,21.5300007,26.3029022,0.0272563435,0.113788173,2.11789175e-05,30,1.29900002,1
1120,718208400000712,72048858,2458474.9884541403,58474.488588,18.1070328,0.0356308669,0,zr,206.0254557,39.471561,0.551999986,0.0350000001,20181222488565,718,0x8,0x4,20.1700001,26.213171,0.0395233296,0.114028297,4.40596305e-05,30,1.47800004,1
1121,718208400000712,72654821,2458481.0485093743,58480.5482176,18.0128403,0.033491604,0,zr,206.0255016,39.4715185,0.555999994,-0.00200000009,20181228548194,718,0x8,0x4,20.25,26.2153893,0.0328632593,0.108150102,3.00321226e-05,30,1.11600006,1
1122,718208400000712,73251596,2458487.0166704343,58486.5159606,18.1221771,0.0359923318,0,zr,206.025492,39.4715703,1.48699999,0.128000006,20190103515949,718,0x8,0x4,21.25,26.2359982,0.0282585956,0.128577709,2.26924385e-05,30,1.16400003,1
1123,718208400000712,74055596,2458495.057223557,58494.5559606,18.1248207,0.0360559486,0,zr,206.025502,39.4715735,1.69500005,0.200000003,20190111555949,718,0x8,0x4,21.6599998,26.2987461,0.0281457659,0.12027055,2.23037041e-05,30,1.03199995,1
1124,718208400000712,74855731,2458503.0591061874,58502.5573148,18.0818977,0.0350418203,0,zr,206.025497,39.4715271,1.995,0.189999998,20190119557303,718,0x8,0x4,21.3999996,26.2396984,0.0338676833,0.112965144,3.24854227e-05,30,1.01300001,1
1125,718208400000712,75155488,2458506.056865885,58505.5548843,17.9865913,0.0329278,0,zr,206.0255238,39.4715645,1.15999997,0.0960000008,20190122554884,718,0x8,0x4,20.1900005,26.221384,0.0345289633,0.136550769,3.3418135e-05,30,1.00999999,1
1126,718208400000712,75450667,2458509.008842196,58508.5066782,18.0683517,0.0347299427,0,zr,206.025523,39.4715442,1.35599995,0.0890000015,20190125506655,718,0x8,0x4,20.6000004,26.2244225,0.0287941787,0.123009317,2.37283184e-05,30,1.046,1
1127,718208400000712,75753415,2458512.036500676,58511.5341551,18.0994301,0.0354512893,0,zr,206.0254964,39.4715653,0.813000023,0.0799999982,20190128534144,718,0x8,0x4,20.6800003,25.9905987,0.0335652418,0.129995644,3.21465559e-05,30,1.01199996,1
1128,718208400000712,76853914,2458523.0420937454,58522.5391435,18.0735054,0.0348481424,0,zr,206.0254942,39.4715407,1.72000003,0.189999998,20190208539097,718,0x8,0x4,21.5699997,26.244175,0.0291965622,0.120717861,2.42907699e-05,30,1.01100004,1
1129,718208400000712,77251587,2458527.019023845,58526.5158796,18.072319,0.0348208845,0,zr,206.0254841,39.4715817,0.871999979,-0.0,20190212515833,718,0x8,0x4,20.6800003,26.0952244,0.031759005,0.128187031,2.86097038e-05,30,1.00800002,1
1130,718208400000712,78042112,2458534.9246087214,58534.4211227,18.1142883,0.0358034335,0,zr,206.0253875,39.4716301,0.337000012,0.00400000019,20190220421111,718,0x8,0x4,19.3700008,26.1981182,0.0450104922,0.143731594,7.04140912e-05,30,1.07099998,1
1131,718208400000712,78042204,2458534.9255346507,58534.4220486,18.1204948,0.0359519348,0,zr,206.0254967,39.4716866,0.528999984,0.0560000017,20190220422037,718,0x8,0x4,19.3400002,26.2113037,0.0492875949,0.124357,8.96599668e-05,30,1.06900001,2
1132,718208400000712,78045690,2458534.960397142,58534.4569097,18.0394821,0.0340780392,0,zr,206.0253583,39.4715652,1.31400001,-0.111000001,20190220456910,718,0x8,0x4,19.3899994,26.2040558,0.0444792397,0.128903195,6.48509231e-05,30,1.02199996,2
1133,718208400000712,78437185,2458538.875485447,58538.3718519,18.093214,0.0353053547,32768,zr,206.0255701,39.4715826,0.681999981,0.0810000002,20190224371829,718,0x8,0x4,19.4099998,25.1491375,0.0555522442,0.130531043,0.000124993923,30,1.17200005,2
1134,718208400000712,78447083,2458538.9744703663,58538.4708333,18.1838055,0.0375154242,0,zr,206.0255383,39.4716044,0.629000008,0.0930000022,20190224470799,718,0x8,0x4,19.7900009,25.7105503,0.0445178673,0.137129754,6.02896143e-05,30,1.00899994,1
1135,718208400000712,78447173,2458538.9753732067,58538.4717361,18.0621758,0.0345890149,0,zr,206.0254275,39.471527,0.802999973,0.115999997,20190224471736,718,0x8,0x4,19.8400002,25.7300129,0.0429922901,0.14567405,5.46843294e-05,30,1.00800002,2
1136,718208400000712,78448983,2458538.9934757347,58538.489838,18.0453987,0.0342102349,0,zr,206.0254841,39.4716747,0.989000022,0.126000002,20190224489803,718,0x8,0x4,20.2000008,26.0062618,0.0400548391,0.131445169,4.60468182e-05,30,1.00899994,2
1137,718208400000712,78535266,2458539.856329659,58539.352662,18.2140465,0.0382942073,0,zr,206.0255175,39.4715504,1.44400001,0.204999998,20190225352650,718,0x8,0x4,20.3799992,25.7267647,0.038562607,0.123161189,4.23584388e-05,30,1.23500001,2
1138,718208400000712,78537006,2458539.873737668,58539.3700694,18.1572456,0.0368486419,0,zr,206.0254745,39.4715762,1.94000006,0.202999994,20190225370058,718,0x8,0x4,20.8099995,26.011013,0.0309622381,0.127766177,2.73496062e-05,30,1.16900003,2
1139,718208400000712,78630094,2458540.8046487407,58540.3009491,18.1389332,0.0363980904,0,zr,206.0254802,39.4715277,0.847000003,0.00499999989,20190226300949,718,0x8,0x4,20.3899994,25.6459064,0.0316450782,0.0872056112,2.85002716e-05,30,1.52999997,2
1140,718208400000712,78631938,2458540.823086865,58540.3193866,18.1110153,0.0357254483,32768,zr,206.0255252,39.4715833,1.04400003,0.108000003,20190226319375,718,0x8,0x4,19.8500004,25.088995,0.0698107928,0.105640128,0.000146234073,30,1.39600003,2
1141,718208400000712,78633964,2458540.843342157,58540.3396412,18.0886536,0.0351988487,0,zr,206.0254559,39.4715638,0.828999996,-0.00899999961,20190226339630,718,0x8,0x4,21.2900009,26.273674,0.0278681237,0.0904790163,2.21064674e-05,30,1.28199995,2
1142,718208400000712,78749800,2458542.0017480506,58541.4980093,18.1129189,0.0357707776,0,zr,206.0254955,39.4715624,2.44899988,0.291999996,20190227497998,718,0x8,0x4,21.7399998,26.2707958,0.0300363842,0.122790284,2.57763058e-05,30,1.01699996,1
1143,718208400000712,78749892,2458542.0026623774,58541.4989236,18.0386963,0.0340605155,0,zr,206.0255095,39.4715843,1.801,0.152999997,20190227498924,718,0x8,0x4,21.7399998,26.2766209,0.039855402,0.113762289,4.52376225e-05,30,1.01800001,2
1144,718208400000712,78752123,2458542.0249778843,58541.5212384,18.0955391,0.0353598557,0,zr,206.0255121,39.4715834,1.99100006,0.172999993,20190227521227,718,0x8,0x4,21.6299992,26.2536621,0.0293209255,0.122328766,2.45942156e-05,30,1.04100001,2
1145,718208400000712,78945592,2458543.959725152,58543.4559259,18.303154,0.0407143682,32768,zr,206.0254605,39.471556,1.07200003,0.123999998,20190301455926,718,0x8,0x4,20.5100002,25.2271404,0.111734286,0.130462289,0.00035599494,30,1.00899994,2
1146,718208400000712,78946731,2458543.9711143896,58543.4673148,18.1746712,0.0372842923,32768,zr,206.0254706,39.4715991,1.14699996,0.107000001,20190301467280,718,0x8,0x4,20.5400009,25.2637882,0.0397704653,0.12639676,4.53101784e-05,30,1.00800002,2
1147,718208400000712,79347085,2458547.974766493,58547.4708565,18.0720634,0.034815032,0,zr,206.0254808,39.4715571,1.52999997,0.175999999,20190305470856,718,0x8,0x4,21.4899998,26.2440147,0.0270324592,0.134501591,2.0861582e-05,30,1.01100004,2
1148,718208400000712,79348609,2458547.9900098746,58547.4860995,18.0448227,0.0341973379,0,zr,206.0255044,39.4715555,1.15799999,0.109999999,20190305486100,718,0x8,0x4,21.3899994,26.2428322,0.0279606413,0.126561508,2.23201514e-05,30,1.02100003,1
1149,718208400000712,80242430,2458556.9283959074,58556.4243056,18.0538177,0.0343995839,0,zr,206.0255103,39.4715753,0.912,0.00499999989,20190314424271,718,0x8,0x4,20.7800007,26.199831,0.03034335,0.127601117,2.65003928e-05,30,1.00800002,1
1150,718208400000712,80242568,2458556.9297732287,58556.4256829,18.0792465,0.0349804759,0,zr,206.0254862,39.4715735,0.426999986,-0.00400000019,20190314425683,718,0x8,0x4,21.0699997,26.2002411,0.0296559446,0.128979564,2.51399833e-05,30,1.00800002,2
1151,718208400000712,80339270,2458557.8968124767,58557.3927083,18.0625134,0.0345967263,0,zr,206.02544,39.4716036,0.75999999,-0.0240000002,20190315392697,718,0x8,0x4,20.1900005,25.9093513,0.039980866,0.138238072,4.48543906e-05,30,1.023,2
1152,718208400000712,80340540,2458557.9095094525,58557.4054051,18.0694809,0.0347557887,0,zr,206.0254972,39.4715642,1.20299995,0.0719999969,20190315405405,718,0x8,0x4,20.7299995,26.117321,0.0300880577,0.130793825,2.56357307e-05,30,1.01400006,2
1153,718208400000712,80343008,2458557.9341856907,58557.430081,18.0682716,0.0347281173,0,zr,206.0254864,39.4715798,1.53799999,0.0879999995,20190315430081,718,0x8,0x4,20.8400002,26.1991463,0.0320719332,0.132275626,2.89780655e-05,30,1.00800002,2
1154,718208400000712,80431481,2458558.8189311204,58558.3148148,18.0530434,0.0343821235,0,zr,206.0255316,39.4716015,1.0,0.00400000019,20190316314410,718,0x8,0x4,20.2900009,26.2031059,0.0432084277,0.120047048,5.32456106e-05,30,1.17999995,2
1155,718208400000712,80435381,2458558.857936236,58558.3538194,18.064743,0.0346475095,0,zr,206.0255009,39.4715469,1.33399999,0.104999997,20190316353796,718,0x8,0x4,20.9899998,26.2108021,0.0285836514,0.123592675,2.34442086e-05,30,1.074,2
1156,718208400000712,80435938,2458558.8635035087,58558.3593866,18.091898,0.0352745689,0,zr,206.0254561,39.4715788,0.935000002,0.0890000015,20190316359363,718,0x8,0x4,20.6800003,26.1859589,0.0355427191,0.137776181,3.59336627e-05,30,1.06400001,2
1157,718208400000712,80636171,2458560.865852777,58560.361713,18.1604729,0.0369288065,0,zr,206.0255106,39.4715605,1.57099998,0.159999996,20190318361701,718,0x8,0x4,20.9899998,26.223547,0.0263080671,0.125035554,1.96642068e-05,30,1.051,2
1158,718208400000712,80638231,2458560.886454792,58560.3823148,18.1103401,0.0357093997,0,zr,206.0255056,39.4715634,1.398,0.165000007,20190318382292,718,0x8,0x4,20.7800007,26.2024918,0.0313909277,0.131519675,2.81021494e-05,30,1.02499998,2
1159,718208400000712,80734156,2458561.8457117304,58561.3415625,18.0509529,0.0343349911,0,zr,206.0255159,39.4715358,0.925000012,0.0879999995,20190319341516,718,0x8,0x4,20.6599998,26.1892586,0.028022334,0.114445217,2.22970484e-05,30,1.08299994,2
1160,718208400000712,80737333,2458561.8774828254,58561.3733333,18.1847153,0.0375385433,0,zr,206.0255123,39.4715719,1.46700001,0.209999993,20190319373310,718,0x8,0x4,20.3199997,26.1879253,0.0352625772,0.124331266,3.5038749e-05,30,1.03199995,2
1161,718208400000712,80739537,2458561.8995201294,58561.3953704,18.2314358,0.0387516245,0,zr,206.0255284,39.4715263,1.10699999,0.136999995,20190319395313,718,0x8,0x4,20.3799992,26.1776276,0.0413299762,0.124083735,4.85450837e-05,30,1.01300001,2
1162,718208400000712,80835892,2458562.8630814534,58562.3589236,18.2650719,0.0396567024,0,zr,206.0255235,39.4715323,0.515999973,0.0649999976,20190320358912,718,0x8,0x4,19.4300003,25.8551292,0.0566015355,0.121533662,0.000107906722,30,1.04700005,2
1163,718208400000712,81331971,2458567.823892846,58567.3197106,18.0683403,0.0347297043,0,zr,206.025506,39.4715444,1.80299997,0.151999995,20190325319641,718,0x8,0x4,20.9400005,26.1945763,0.0279563591,0.11526525,2.24667165e-05,30,1.09500003,2
1164,718208400000712,81337453,2458567.8787193643,58567.374537,18.1441765,0.0365263522,0,zr,206.0255199,39.4715778,1.70200002,0.191,20190325374537,718,0x8,0x4,21.1399994,26.1813717,0.028652031,0.127832919,2.34316922e-05,30,1.01600003,2
1165,718208400000712,81338877,2458567.892955494,58567.3887731,18.1693611,0.0371508189,0,zr,206.0254844,39.4715562,1.255,0.150000006,20190325388773,718,0x8,0x4,20.7299995,26.1705456,0.0312239546,0.138235763,2.75682796e-05,30,1.00899994,1
1166,718208400000712,81338967,2458567.8938582945,58567.3896759,18.1109085,0.0357228965,0,zr,206.0255063,39.4715656,1.16900003,0.179000005,20190325389664,718,0x8,0x4,20.9099998,26.1621323,0.0352029875,0.133188337,3.54767435e-05,30,1.00899994,2
1167,718208400000712,81429666,2458568.800850288,58568.2966667,18.0434151,0.0341658294,0,zr,206.0255234,39.4715386,1.296,0.00300000003,20190326296655,718,0x8,0x4,20.8600006,26.0087852,0.0270737447,0.0955206901,2.1218395e-05,30,1.14999998,2
1168,718208400000712,81433103,2458568.835213732,58568.3310301,18.1305485,0.0361942984,32768,zr,206.0255303,39.4715083,0.495999992,-0.0149999997,20190326331007,718,0x8,0x4,19.5100002,24.657814,0.0497797132,0.0917402059,9.71062982e-05,30,1.06599998,2
1169,718208400000712,81434092,2458568.845109538,58568.3409259,18.2804756,0.0400802605,32768,zr,206.0255503,39.4715697,0.99000001,0.150000006,20190326340914,718,0x8,0x4,18.8700008,24.2366123,0.0500121824,0.11042282,0.000142808363,30,1.04900002,2
1170,718208400000712,81836702,2458572.871202489,58572.3670255,18.1238422,0.0360323824,32768,zr,206.0254854,39.4715741,0.707000017,0.0430000015,20190330367014,718,0x8,0x4,20.5799999,25.4980888,0.0346558392,0.123397671,3.44765576e-05,30,1.01199996,2
1171,718208400000712,81836792,2458572.872105185,58572.3679282,18.1589775,0.0368916392,32768,zr,206.025511,39.4715727,0.973999977,0.0970000029,20190330367928,718,0x8,0x4,20.5200005,25.5321941,0.0360387377,0.122457437,3.71780916e-05,30,1.01199996,1
1172,718208400000712,81841916,2458572.9233434717,58572.4191667,18.129406,0.036166627,0,zr,206.0254838,39.47156,1.44500005,0.137999997,20190330419097,718,0x8,0x4,21.2000008,26.0136337,0.0304945949,0.118209191,2.6654734e-05,30,1.02199996,2
1173,718208400000712,81843969,2458572.943875778,58572.4396991,18.0565147,0.0344605707,0,zr,206.0255221,39.4715725,1.31099999,0.158999994,20190330439676,718,0x8,0x4,21.3500004,26.0698109,0.0276777465,0.116677694,2.18869154e-05,30,1.04499996,2
1174,718208400000712,81928932,2458573.793501421,58573.2893287,18.0740452,0.0348605588,0,zr,206.0255293,39.4715327,0.505999982,-0.00100000005,20190331289329,718,0x8,0x4,20.9300003,26.1553631,0.0293868463,0.129864424,2.46465461e-05,30,1.13100004,2
1175,718208400000712,81940480,2458573.908975336,58573.4048032,18.0809994,0.0350210331,0,zr,206.0254971,39.471555,1.23699999,0.150999993,20190331404780,718,0x8,0x4,21.3999996,26.2222271,0.0268685948,0.116468631,2.05007818e-05,30,1.01400006,2
1176,718208400000712,81941800,2458573.922181363,58573.4180093,18.0417137,0.0341278203,0,zr,206.0255039,39.4715505,1.42400002,0.185000002,20190331417917,718,0x8,0x4,21.3099995,26.1619987,0.0271773357,0.120758355,2.11513616e-05,30,1.023,2
1177,718208400000712,82032319,2458574.827361167,58574.3231944,18.0064964,0.0333540738,32768,zr,206.0254991,39.4715867,1.13499999,0.145999998,20190401323183,718,0x8,0x4,19.9200001,24.8136768,0.0495541096,0.108830467,8.06231765e-05,30,1.051,2
1178,718208400000712,82043724,2458574.9414114254,58574.4372454,18.1229477,0.0360108763,0,zr,206.0255479,39.4715587,1.81700003,0.252000004,20190401437245,718,0x8,0x4,20.9899998,25.782177,0.0299160592,0.1180619,2.55119921e-05,30,1.04999995,2
1179,718208400000712,82045796,2458574.9621288795,58574.457963,18.1063919,0.0356156975,32768,zr,206.025504,39.4715814,1.48099995,0.178000003,20190401457940,718,0x8,0x4,20.2199993,25.2186832,0.0375072211,0.12578994,4.04923048e-05,30,1.08899999,2
1180,718208400000712,82135743,2458575.861590134,58575.3574306,18.0608444,0.0345587656,32768,zr,206.0255298,39.4715676,1.30900002,0.153999999,20190402357407,718,0x8,0x4,20.8999996,25.5361595,0.035966333,0.114283912,3.64196567e-05,30,1.01300001,2
1181,718208400000712,82135833,2458575.862492828,58575.3583333,18.1539059,0.0367658995,32768,zr,206.0255107,39.4715599,1.19799995,0.30399999,20190402358333,718,0x8,0x4,20.9400005,25.5481205,0.0477177277,0.113295905,6.34978642e-05,30,1.01300001,1
1182,718208400000712,82138545,2458575.889610721,58575.3854514,18.088932,0.0352053195,0,zr,206.0254931,39.4715581,1.35399997,0.125,20190402385428,718,0x8,0x4,21.3400002,25.9521179,0.0289518256,0.121967547,2.38897264e-05,30,1.00800002,2
1183,718208400000712,82341869,2458577.9228334124,58577.4186921,18.0653267,0.0346608385,32768,zr,206.0254829,39.4715601,1.89600003,0.192000002,20190404418657,718,0x8,0x4,20.5300007,25.0654716,0.0382236131,0.113860294,4.1923362e-05,30,1.03600001,2
1184,718208400000712,82631699,2458580.8210979328,58580.3169907,18.0863609,0.0351454355,0,zr,206.0255304,39.4715646,0.981999993,0.0480000004,20190407316956,718,0x8,0x4,21.0300007,26.195549,0.0282279421,0.123643987,2.23894513e-05,30,1.03699994,2
1185,718208400000712,82634006,2458580.8441763264,58580.3400694,18.0977173,0.0354110003,0,zr,206.0254796,39.4715645,1.375,0.128000006,20190407340012,718,0x8,0x4,21.2600002,26.2128048,0.0298951007,0.124197334,2.5439118e-05,30,1.01499999,1
1186,718208400000712,82634097,2458580.8450791123,58580.3409722,18.0663338,0.034683805,0,zr,206.0254831,39.4715875,1.12800002,0.0790000036,20190407340972,718,0x8,0x4,21.1900005,26.1974411,0.0296432916,0.130180389,2.49274926e-05,30,1.01499999,2
1187,718208400000712,82637708,2458580.8811897254,58580.3770833,18.0590553,0.0345181376,0,zr,206.0255045,39.4715628,0.572000027,0.00999999978,20190407377037,718,0x8,0x4,21.1599998,26.1931496,0.0299685653,0.123933084,2.5668478e-05,30,1.00999999,2
1188,718208400000712,82736898,2458581.8730739374,58581.3689815,18.0735855,0.0348500051,0,zr,206.0254537,39.471532,0.61500001,0.023,20190408368981,718,0x8,0x4,20.6000004,25.8448181,0.0308555719,0.123898983,2.72035595e-05,30,1.00800002,2
1189,718208400000712,82825228,2458582.756359085,58582.2522801,18.0470734,0.0342477933,0,zr,206.0255163,39.4715732,0.987999976,0.108999997,20190409252164,718,0x8,0x4,21.5300007,26.224493,0.0300367922,0.118067704,2.57457596e-05,30,1.16999996,2
1190,718208400000712,82828815,2458582.792238139,58582.2881597,18.1166515,0.0358598717,0,zr,206.0254987,39.4715682,1.60699999,0.194000006,20190409288160,718,0x8,0x4,21.5,26.1330433,0.0270498618,0.122706808,2.08060537e-05,30,1.07500005,2
1191,718208400000712,82933085,2458583.834917909,58583.3308565,18.0077972,0.033382196,0,zr,206.0255378,39.4715256,1.15499997,0.0240000002,20190410330856,718,0x8,0x4,20.7600002,26.1081429,0.0295779798,0.136639044,2.48812357e-05,30,1.01600003,1
1192,718208400000712,82933178,2458583.8358437894,58583.3317824,18.0762215,0.0349106789,0,zr,206.0255295,39.4715777,0.975000024,0.0549999997,20190410331771,718,0x8,0x4,20.8199997,26.1095314,0.0302611738,0.131801918,2.59581248e-05,30,1.01499999,2
1193,718208400000712,82934016,2458583.844223249,58583.340162,18.0285606,0.0338358916,0,zr,206.0254765,39.4715733,0.987999976,0.0370000005,20190410340127,718,0x8,0x4,20.6000004,26.0959072,0.0323432572,0.133773416,3.04198693e-05,30,1.01100004,2
1194,718208400000712,83031289,2458584.8169377097,58584.3128935,18.0933704,0.035309013,0,zr,206.025505,39.471596,1.22800004,0.0780000016,20190411312824,718,0x8,0x4,21.25,26.1715755,0.0314532667,0.134155303,2.8177039e-05,30,1.02900004,2
1195,718208400000712,83033135,2458584.8353980817,58584.3313542,18.0999146,0.0354626849,0,zr,206.025499,39.4715567,1.21500003,0.0949999988,20190411331354,718,0x8,0x4,21.1000004,26.1660976,0.0292101,0.13489227,2.40519093e-05,30,1.01400006,2
1196,718208400000712,83037120,2458584.875246859,58584.3712037,18.0597687,0.0345343202,0,zr,206.0254966,39.4715428,1.38199997,0.140000001,20190411371146,718,0x8,0x4,21.3600006,26.2038231,0.0258730799,0.119715557,1.89291495e-05,30,1.01199996,2
1197,718208400000712,83129715,2458585.801178676,58585.2971528,18.0496254,0.0343050994,0,zr,206.0255338,39.4715593,1.15499997,0.135000005,20190412297141,718,0x8,0x4,21.3899994,26.1977444,0.0291659143,0.11992088,2.40187674e-05,30,1.04499996,2
1198,718208400000712,83133024,2458585.834268346,58585.3302431,18.0937729,0.0353184454,0,zr,206.0255008,39.4715661,1.25300002,0.108999997,20190412330232,718,0x8,0x4,21.4500008,26.1638012,0.0280885734,0.126169354,2.24470004e-05,30,1.01300001,2
1199,718208400000712,83232011,2458586.8241213644,58586.3201157,18.011322,0.0334586091,0,zr,206.0255069,39.4715849,1.53400004,0.180999994,20190413320104,718,0x8,0x4,21.2900009,26.1725864,0.0268117413,0.12280111,2.02752053e-05,30,1.01800001,2
1200,718208400000712,83234306,2458586.847072298,58586.3430671,18.054493,0.0344148502,0,zr,206.0254717,39.4715831,1.17400002,0.115000002,20190413343067,718,0x8,0x4,21.1200008,26.1737213,0.0307941306,0.13361448,2.66321476e-05,30,1.00800002,2
1201,718208400000712,83234396,2458586.84797508,58586.3439699,18.077301,0.0349355564,0,zr,206.0254984,39.4715883,1.26600003,0.118000001,20190413343970,718,0x8,0x4,21.0799999,26.1565132,0.0294454228,0.129420191,2.45011361e-05,30,1.00800002,1
1202,718208400000712,83236672,2458586.8707292145,58586.3667245,18.0759907,0.034905348,0,zr,206.025535,39.4715738,0.898999989,0.0920000002,20190413366690,718,0x8,0x4,21.2299995,26.1781979,0.0297309402,0.118606627,2.51071579e-05,30,1.01199996,2
1203,718208400000712,83329167,2458587.795663577,58587.2916782,18.1498642,0.03666614,0,zr,206.0254969,39.4715316,1.02499998,0.0860000029,20190414291667,718,0x8,0x4,20.8600006,26.1400833,0.0336335413,0.126795083,3.25846522e-05,30,1.04499996,2
1204,718208400000712,83330530,2458587.8092859867,58587.3053009,18.0665169,0.0346879996,0,zr,206.0254875,39.47155,1.25600004,0.116999999,20190414305289,718,0x8,0x4,20.6000004,26.1317463,0.0312085263,0.138501406,2.77281579e-05,30,1.028,2
1205,718208400000712,83339299,2458587.8969808943,58587.3929977,18.071228,0.0347958505,32768,zr,206.0255361,39.4715594,0.976999998,0.108999997,20190414392975,718,0x8,0x4,20.1900005,25.5125217,0.049770426,0.113473929,7.10422973e-05,30,1.03799999,2
1206,718208400000712,83434944,2458588.8534064987,58588.3494444,18.1451435,0.0365500599,0,zr,206.0255051,39.4715586,0.865999997,0.296000004,20190415349444,718,0x8,0x4,20.7099991,26.0111141,0.0355406292,0.120169148,3.55824232e-05,30,1.00800002,2
1207,718208400000712,83526177,2458589.765711812,58589.2617708,18.0603333,0.0345471501,0,zr,206.0255298,39.4715602,0.907000005,0.0680000037,20190416261690,718,0x8,0x4,20.2199993,26.0614586,0.0351569355,0.121305384,3.51851268e-05,30,1.09000003,2
1208,718208400000712,83527056,2458589.774507907,58589.2705671,18.0640659,0.0346320719,0,zr,206.0254852,39.4715712,0.633000016,0.0359999985,20190416270556,718,0x8,0x4,19.9099998,26.1121902,0.0385465473,0.129283518,4.2432257e-05,30,1.07200003,1
1209,718208400000712,83528461,2458589.7885585804,58589.2846181,18.0042801,0.0333062187,32768,zr,206.0253873,39.4715656,0.393000007,0.074000001,20190416284606,718,0x8,0x4,19.2800007,25.5884552,0.0440669693,0.104922265,7.34962596e-05,30,1.04799998,2
1210,718208400000712,83530013,2458589.8040790223,58589.3001389,18.2132225,0.0382727124,32768,zr,206.0254645,39.4714993,0.472000003,-0.229000002,20190416300127,718,0x8,0x4,18.6700001,25.2452984,0.0545136705,0.138544753,0.000172895947,30,1.028,2
1211,718208400000712,83736410,2458591.8679978,58591.3641088,18.1066132,0.0356209204,0,zr,206.0255159,39.4715497,0.864000022,0.100000001,20190418364051,718,0x8,0x4,20.1100006,26.1186008,0.0493201092,0.125154421,6.85522027e-05,30,1.01900005,2
1212,718208400000712,83738349,2458591.8873838927,58591.3834954,18.1019211,0.0355099812,0,zr,206.0255058,39.4715459,0.838,0.103,20190418383484,718,0x8,0x4,20.1499996,26.1110153,0.0391379893,0.125824988,4.38174975e-05,30,1.03900003,2
1213,718208400000712,83925274,2458593.7565812897,58593.2527431,18.1633148,0.0369995981,0,zr,206.0254918,39.4715496,0.855000019,0.155000001,20190420252581,718,0x8,0x4,20.6000004,26.2064209,0.0371336564,0.113828048,3.94866474e-05,30,1.08599997,2
1214,718208400000712,83929832,2458593.8021587287,58593.2983218,18.0302887,0.0338740498,0,zr,206.0254837,39.4715569,1.01199996,0.116999999,20190420298287,718,0x8,0x4,20.5300007,26.1846542,0.0329405032,0.130571887,3.08994458e-05,30,1.01999998,2
1215,718208400000712,83931826,2458593.8221002705,58593.3182639,18.0315647,0.0339022502,0,zr,206.0254971,39.4715809,0.662999988,0.0489999987,20190420318264,718,0x8,0x4,20.3199997,26.1669579,0.0330068767,0.143895,3.05679969e-05,30,1.00899994,2
1216,718208400000712,84032964,2458594.8334487346,58594.3296412,17.9836655,0.0328657813,0,zr,206.0254645,39.4715519,0.666000009,0.0379999988,20190421329606,718,0x8,0x4,20.0300007,26.1597538,0.0401225537,0.136354476,4.63955694e-05,30,1.00800002,2
1217,718208400000712,84034241,2458594.8462261604,58594.342419,18.0340271,0.0339567922,0,zr,206.0255089,39.4715667,0.463,0.0309999995,20190421342407,718,0x8,0x4,19.9200001,26.1591415,0.0372733846,0.123689763,3.95991738e-05,30,1.01100004,2
1218,718208400000712,84226284,2458596.766596609,58596.2628472,18.0954666,0.0353581496,0,zr,206.0254705,39.4715627,1.66199994,0.185000002,20190423262836,718,0x8,0x4,21.1599998,26.195734,0.035318397,0.123496324,3.54369622e-05,30,1.05200005,2
1219,718208400000712,84227128,2458596.7750338493,58596.2712847,18.0571365,0.0344746299,0,zr,206.0255157,39.4715641,1.24800003,0.156000003,20190423271273,718,0x8,0x4,21.2399998,26.1952953,0.0283732079,0.12471696,2.31003323e-05,30,1.03999996,1
1220,718208400000712,84227850,2458596.7822558265,58596.2785069,18.0449257,0.0341996364,0,zr,206.0255217,39.4715603,1.41900003,0.173999995,20190423278484,718,0x8,0x4,21.2900009,26.1892147,0.0322623514,0.118802071,2.9566736e-05,30,1.03100002,2
1221,718208400000712,84331658,2458597.8203016985,58597.3165856,18.0509377,0.0343346409,0,zr,206.0254525,39.4715549,1.10000002,0.135000005,20190424316389,718,0x8,0x4,21.1399994,26.1742077,0.0308557283,0.134974033,2.69110351e-05,30,1.00800002,2
1222,718208400000712,84334040,2458597.8441204308,58597.3404051,18.0499706,0.0343128778,0,zr,206.0254992,39.471537,1.72099996,0.175999999,20190424340405,718,0x8,0x4,21.3799992,26.2240334,0.0310934186,0.121298499,2.73970818e-05,30,1.01400006,2
1223,718208400000712,84336209,2458597.8658095254,58597.3620949,18.0369053,0.0340206772,0,zr,206.0255133,39.4715586,1.755,0.192000002,20190424362083,718,0x8,0x4,21.3199997,26.1960201,0.0271447469,0.119862199,2.05546257e-05,30,1.03299999,2
1224,718208400000712,84430900,2458598.8126882743,58598.3090046,18.0178261,0.0336002447,0,zr,206.0255232,39.4715445,1.91499996,0.195999995,20190425308970,718,0x8,0x4,21.5400009,26.1851139,0.033303909,0.132601351,3.1249514e-05,30,1.00800002,2
1225,718208400000712,84434834,2458598.8520272616,58598.3483449,18.0496521,0.0343057215,0,zr,206.0254942,39.4715553,1.67799997,0.216999993,20190425348333,718,0x8,0x4,21.6499996,26.1890392,0.0293462239,0.115002759,2.45778137e-05,30,1.02199996,2
1226,718208400000712,84541140,2458599.915394163,58599.4114005,18.0297928,0.03386309,0,zr,206.0255343,39.4715447,1.227,0.123000003,20190426410891,718,0x8,0x4,21.25,26.97612,0.0299184062,0.112622745,2.53138387e-05,90,1.14499998,2
1227,718208400000712,84628115,2458600.7847736566,58600.2811574,18.0589752,0.0345163234,0,zr,206.0255086,39.4715733,2.03999996,0.193000004,20190427281146,718,0x8,0x4,21.7700005,26.2413731,0.0381341949,0.118442066,4.06731378e-05,30,1.01800001,2
1228,718208400000712,85139405,2458605.8974743844,58605.3940509,18.020359,0.0336556397,0,zr,206.0254979,39.4715529,1.78699994,0.209999993,20190502394028,718,0x8,0x4,21.4400005,26.0923405,0.0288436618,0.121295691,2.42396072e-05,30,1.14300001,2
1229,718208400000712,85225530,2458606.7586894752,58606.2553009,18.1445522,0.0365355536,0,zr,206.0254764,39.4715292,1.676,0.143000007,20190503255301,718,0x8,0x4,21.3899994,26.1909657,0.0383880027,0.130818591,4.27849918e-05,30,1.02600002,2
1230,718208400000712,85227871,2458606.7821029145,58606.2787153,18.0435257,0.0341683142,0,zr,206.0254642,39.4715669,1.16299999,0.118000001,20190503278681,718,0x8,0x4,21.5200005,26.1880512,0.0323221125,0.125341892,3.01588116e-05,30,1.00999999,1
1231,718208400000712,85227960,2458606.7829940813,58606.2796065,18.0660305,0.0346768945,0,zr,206.0254952,39.471535,2.15499997,0.256999999,20190503279606,718,0x8,0x4,21.5799999,26.1885452,0.0292597972,0.126311988,2.45023184e-05,30,1.00999999,2
1232,718208400000712,85324406,2458607.7474101,58607.2440625,18.0396156,0.0340810157,0,zr,206.0254633,39.47155,1.05599999,0.0719999969,20190504244039,718,0x8,0x4,21.1599998,26.1240234,0.0325224437,0.133094057,3.0541647e-05,30,1.03600001,2
1233,718208400000712,85333978,2458607.8431236763,58607.3397801,18.0905609,0.0352433436,0,zr,206.025493,39.4715919,2.023,0.196999997,20190504339757,718,0x8,0x4,21.6000004,26.2029953,0.027265761,0.118895277,2.12003706e-05,30,1.03900003,2
1234,718208400000712,85425312,2458608.7564298594,58608.253125,17.9978714,0.0331683941,0,zr,206.0255114,39.4715613,2.03200006,0.202999994,20190505253079,718,0x8,0x4,21.6000004,26.1814938,0.0294278413,0.125200942,2.50672529e-05,30,1.023,2
1235,718208400000712,85822799,2458612.731125331,58612.2279977,18.0721283,0.0348165073,0,zr,206.0255152,39.4715337,1.81200004,0.197999999,20190509227986,718,0x8,0x4,21.7199993,26.1575851,0.0395151861,0.127468705,4.48434475e-05,30,1.03900003,2
1236,718208400000712,85824325,2458612.7463792264,58612.2432523,18.053606,0.0343948193,0,zr,206.0255013,39.4715438,1.495,0.188999996,20190509243252,718,0x8,0x4,21.6800003,26.1911659,0.036938604,0.122101299,3.94100061e-05,30,1.02199996,1
1237,718208400000712,85834118,2458612.84430297,58612.3411806,18.0583782,0.0345027782,0,zr,206.0254968,39.4715499,1.26699996,0.136000007,20190509341169,718,0x8,0x4,21.9200001,26.2289276,0.0309555605,0.115644239,2.79103897e-05,30,1.06299996,2
1238,718208400000712,86215657,2458616.659513359,58616.1565741,18.1224174,0.0359981172,0,zr,206.0255192,39.4715683,1.25199997,0.162,20190513156562,718,0x8,0x4,20.9599991,26.1168461,0.0306323487,0.115891658,2.72068319e-05,30,1.17999995,2
1239,718208400000712,86217170,2458616.67463992,58616.1717014,17.9856491,0.0329077989,0,zr,206.0255001,39.4715459,1.46399999,0.160999998,20190513171655,718,0x8,0x4,21.0599995,26.117157,0.0313674994,0.121875085,2.81547236e-05,30,1.13199997,1
1240,718208400000712,86230237,2458616.8053047536,58616.3023727,18.0247993,0.0337530598,0,zr,206.0255242,39.4715647,1.61899996,0.181999996,20190513302361,718,0x8,0x4,21.0,26.1392803,0.0286237448,0.123663865,2.3628465e-05,30,1.02499998,2
1241,718208400000712,86326091,2458617.7637985167,58617.2609144,18.0373383,0.0340302996,0,zr,206.0254912,39.4715574,1.61800003,0.158999994,20190514260914,718,0x8,0x4,20.9300003,26.150856,0.0349167697,0.124688581,3.5701225e-05,30,1.00800002,2
1242,718208400000712,86532207,2458619.824850435,58619.3220718,18.1119442,0.0357475467,0,zr,206.0255407,39.4715385,1.10599995,0.123999998,20190516322060,718,0x8,0x4,20.1800003,26.068367,0.040867243,0.111540385,4.79530136e-05,30,1.06299996,1
1243,718208400000712,86532299,2458619.825776284,58619.3229977,18.0332775,0.0339401737,0,zr,206.0255403,39.4715754,0.977999985,0.116999999,20190516322986,718,0x8,0x4,19.9300003,26.0397549,0.0379443727,0.137723729,4.18470045e-05,30,1.06400001,2
1244,718208400000712,86533716,2458619.839942239,58619.3371644,18.1571598,0.0368465073,0,zr,206.0255445,39.4715956,0.372999996,0.0320000015,20190516337106,718,0x8,0x4,19.8899994,26.0890484,0.0395305678,0.111389816,4.57853639e-05,30,1.09300005,2
1245,718208400000712,87429150,2458628.7937893886,58628.2915046,18.0721855,0.0348178223,0,zr,206.0254585,39.4715592,1.13100004,0.109999999,20190525291493,718,0x8,0x4,21.4300003,26.1436157,0.0335674845,0.126916587,3.19369974e-05,30,1.05299997,2
1246,718208400000712,87429765,2458628.799934931,58628.2976505,18.049614,0.0343048647,0,zr,206.0254923,39.4715654,2.16400003,0.226999998,20190525297650,718,0x8,0x4,21.6100006,26.1500645,0.0331869014,0.118871845,3.17577942e-05,30,1.06299996,2
1247,718208400000712,87432055,2458628.8228386925,58628.3205556,18.0234222,0.0337228104,0,zr,206.0255048,39.4715573,1.66499996,0.165999994,20190525320544,718,0x8,0x4,21.5900002,26.1149006,0.0316676311,0.123675346,2.83498739e-05,30,1.11300004,2
1248,718208400000712,87826856,2458632.77061439,58632.2685648,18.0596771,0.0345322341,0,zr,206.0255073,39.4715695,0.725000024,0.0949999988,20190529268565,718,0x8,0x4,21.2700005,26.1411114,0.0294245239,0.124897301,2.44713356e-05,30,1.03600001,1
1249,718208400000712,88222067,2458636.7224787166,58636.2206713,18.0717869,0.0348086804,0,zr,206.0255052,39.4715509,1.39900005,0.143999994,20190602220671,718,0x8,0x4,21.4699993,26.1712475,0.0284055062,0.124349065,2.30707865e-05,30,1.00899994,2
1250,718208400000712,88421848,2458638.720165939,58638.2184838,18.1049461,0.0355814658,0,zr,206.0255199,39.4715581,1.17700005,0.0909999982,20190604218461,718,0x8,0x4,21.4699993,26.1643715,0.0311263613,0.125921667,2.78941588e-05,30,1.00999999,1
1251,718208400000712,88421938,2458638.7210686808,58638.2193866,18.0391655,0.0340709761,0,zr,206.0254907,39.4715561,0.83099997,0.061999999,20190604219387,718,0x8,0x4,21.4099998,26.1936321,0.0284308642,0.128479898,2.32565235e-05,30,1.00999999,2
1252,718208400000712,88424156,2458638.7432431746,58638.2415625,18.0784397,0.0349618606,0,zr,206.0254834,39.4715606,1.903,0.204999998,20190604241562,718,0x8,0x4,21.6299992,26.1998997,0.0282984469,0.127005294,2.32019465e-05,30,1.02400005,2
1253,718208400000712,88425282,2458638.754504061,58638.2528241,18.0506077,0.0343272053,0,zr,206.0255271,39.4715771,2.08999991,0.207000002,20190604252812,718,0x8,0x4,21.7800007,26.2020721,0.0297986623,0.122366436,2.52422324e-05,30,1.03600001,2
1254,718208400000712,88622943,2458640.730987204,58640.2294329,18.0190544,0.0336271115,0,zr,206.025499,39.4715658,1.03499997,0.105999999,20190606229375,718,0x8,0x4,21.5400009,26.17272,0.0267835222,0.122918516,2.10613998e-05,30,1.01900005,2
1255,718208400000712,88623817,2458640.7397250407,58640.2381713,18.030632,0.0338816345,0,zr,206.0254793,39.4715668,1.83099997,0.159999996,20190606238056,718,0x8,0x4,21.5699997,26.1763115,0.0319467895,0.11794018,2.99795483e-05,30,1.02600002,2
1256,718208400000712,88728107,2458641.782563197,58641.2810764,18.0117798,0.0334685482,0,zr,206.0255116,39.4715504,1.32700002,0.173999995,20190607281053,718,0x8,0x4,21.8500004,26.2114067,0.0273018535,0.120594338,2.15231121e-05,30,1.10300004,1
1257,718208400000712,88728386,2458641.7853523158,58641.2838657,18.0396957,0.0340827964,0,zr,206.0255149,39.4715638,1.53900003,0.127000004,20190607283843,718,0x8,0x4,21.8199997,26.221386,0.0255477428,0.118487298,1.90578539e-05,30,1.11000001,2
1258,718208400000712,88731047,2458641.8119593854,58641.3104745,18.0280628,0.0338248946,0,zr,206.0255007,39.471554,0.890999973,0.0920000002,20190607310463,718,0x8,0x4,21.8799992,26.2258396,0.0291163865,0.119714931,2.4853618e-05,30,1.19200003,2
1259,718208400000712,88731674,2458641.818232177,58641.3167477,17.9935989,0.0330769643,0,zr,206.0255091,39.4715616,1.199,0.166999996,20190607316725,718,0x8,0x4,21.7199993,26.2024822,0.0274911635,0.118698649,2.18145415e-05,30,1.21599996,2
1260,718208400000712,89026466,2458644.765957599,58644.2646644,18.0583858,0.0345029421,0,zr,206.0254898,39.4715528,1.48199999,0.157000005,20190610264479,718,0x8,0x4,21.1100006,26.1556263,0.027719494,0.131682068,2.24680243e-05,30,1.08399999,1
1261,718208400000712,89324016,2458647.741259388,58647.240162,18.0940342,0.0353245661,0,zr,206.0254977,39.4715461,1.36899996,0.152999997,20190613240139,718,0x8,0x4,20.9099998,26.1466331,0.0298498143,0.132072106,2.53289054e-05,30,1.05299997,1
1262,718208400000712,89522829,2458649.7292638654,58649.2282986,18.1424656,0.0364844128,0,zr,206.025478,39.4715402,1.35000002,0.178000003,20190615228287,718,0x8,0x4,20.6599998,26.1009178,0.02924647,0.127686664,2.49626009e-05,30,1.04400003,2
1263,718208400000712,89523543,2458649.7364045894,58649.2354398,18.1470108,0.0365959071,0,zr,206.0255374,39.4715491,0.463999987,0.0379999988,20190615235428,718,0x8,0x4,20.7199993,26.1375217,0.0322944038,0.120308809,3.05719805e-05,30,1.05499995,2
1264,718208400000712,89526898,2458649.7699440327,58649.2689815,18.0645752,0.0346436761,0,zr,206.025507,39.4715617,0.901000023,0.131999999,20190615268970,718,0x8,0x4,20.5,26.1143074,0.0325801969,0.125283808,3.11726326e-05,30,1.12800002,2
1265,718208400000712,89623484,2458650.7357475315,58650.2348495,18.1378174,0.0363708772,0,zr,206.0254866,39.4715448,1.14600003,0.126000002,20190616234838,718,0x8,0x4,20.7600002,26.1379719,0.0335530713,0.126963452,3.29169961e-05,30,1.05799997,1
1266,718208400000712,89623577,2458650.736673473,58650.2357755,18.1229782,0.0360115878,0,zr,206.025522,39.4715255,1.41199994,0.144999996,20190616235764,718,0x8,0x4,20.8299999,26.1631241,0.0360930637,0.119219296,3.75514865e-05,30,1.05999994,2
1267,718208400000712,89627471,2458650.7756059445,58650.2747106,18.033741,0.0339504518,0,zr,206.0255128,39.4715521,1.50100005,0.234999999,20190616274676,718,0x8,0x4,20.9500008,26.1542664,0.0299582798,0.117614292,2.61966761e-05,30,1.153,2
1268,718208400000712,89724716,2458651.7479946064,58651.2471644,18.1161404,0.0358476527,0,zr,206.0255574,39.47157,1.18099999,0.119999997,20190617247153,718,0x8,0x4,20.5200005,26.1676903,0.0343137681,0.127265036,3.40692604e-05,30,1.08700001,2
1269,718208400000712,89725606,2458651.7568944013,58651.2560648,18.126091,0.0360865518,0,zr,206.0255064,39.4715669,0.921999991,0.140000001,20190617256053,718,0x8,0x4,20.4300003,26.1527615,0.0312725492,0.126975998,2.83787995e-05,30,1.10800004,2
1270,718208400000712,89728856,2458651.7893921994,58651.2885648,18.0932465,0.0353061073,0,zr,206.0255031,39.471569,1.13199997,0.180000007,20190617288542,718,0x8,0x4,20.4300003,26.1398888,0.0392600968,0.122331686,4.56484595e-05,30,1.21300006,2
1271,718208400000712,89828042,2458652.7811889644,58652.2804282,18.1234207,0.0360222273,0,zr,206.0255208,39.471548,0.916999996,0.181999996,20190618280417,718,0x8,0x4,20.6599998,26.1173515,0.0311793014,0.122799568,2.80809181e-05,30,1.19200003,2
1272,718208400000712,89830056,2458652.8013264947,58652.3005671,18.1329441,0.0362523533,0,zr,206.0255157,39.4715453,1.875,0.254000008,20190618300556,718,0x8,0x4,20.7000008,26.0814037,0.0319223553,0.120559655,3.02812223e-05,30,1.27699995,2
1273,718208400000712,89831841,2458652.8191725765,58652.3184144,18.1931553,0.0377539545,0,zr,206.0254915,39.4715655,1.67799997,0.324999988,20190618318403,718,0x8,0x4,20.6100006,26.0887032,0.0329896174,0.117911734,3.17564954e-05,30,1.375,2
1274,718208400000712,89919057,2458653.6912782094,58653.1905787,18.0228348,0.0337099135,0,zr,206.0255199,39.4715615,2.16300011,0.180000007,20190619190556,718,0x8,0x4,21.4699993,26.1603374,0.0263037607,0.121313803,1.97379068e-05,30,1.01600003,2
1275,718208400000712,90018366,2458654.684301488,58654.183669,18.0594273,0.0345265791,0,zr,206.0254972,39.4715596,1.449,0.131999999,20190620183657,718,0x8,0x4,21.4899998,26.1979485,0.0277894959,0.113433525,2.27749515e-05,30,1.01400006,2
1276,718208400000712,90019954,2458654.700180012,58654.1995486,18.1203766,0.035949111,0,zr,206.0254821,39.471543,1.74000001,0.136999995,20190620199537,718,0x8,0x4,21.4099998,26.1978931,0.0346464403,0.132502988,3.51947165e-05,30,1.02600002,2
1277,718208400000712,90022811,2458654.728742872,58654.2281134,18.0481224,0.0342713445,0,zr,206.0255034,39.4715473,0.720000029,0.0780000016,20190620228090,718,0x8,0x4,21.0300007,26.1438541,0.0293800365,0.128882945,2.51445981e-05,30,1.06599998,2
1278,718208400000712,90117600,2458655.6765722847,58655.1760069,18.0198059,0.0336435325,0,zr,206.0254613,39.471563,0.615999997,0.00200000009,20190621175995,718,0x8,0x4,20.6700001,26.1602612,0.0298600979,0.13384138,2.63794063e-05,30,1.01100004,2
1279,718208400000712,90326751,2458657.7679351727,58657.2675116,18.0490341,0.0342918038,0,zr,206.0255108,39.4715479,1.398,0.138999999,20190623267512,718,0x8,0x4,21.3099995,26.1714039,0.0280500911,0.119541042,2.3025661e-05,30,1.19500005,1
1280,718208400000712,90622319,2458660.723417117,58660.2231944,18.054657,0.0344185382,0,zr,206.0255146,39.4715477,1.57000005,0.134000003,20190626223183,718,0x8,0x4,21.7000008,26.1905613,0.0352709927,0.123910628,3.66607055e-05,30,1.08899999,2
1281,718208400000712,90622412,2458660.724343051,58660.2241204,18.0486641,0.0342835002,0,zr,206.0255009,39.4715661,1.68200004,0.202000007,20190626224109,718,0x8,0x4,21.6299992,26.2327118,0.0319779962,0.128490299,3.02104363e-05,30,1.09099996,1
1282,718208400000712,90623564,2458660.7358699623,58660.2356481,18.0413742,0.0341202356,0,zr,206.0255214,39.4715609,1.36699998,0.136999995,20190626235625,718,0x8,0x4,21.7399998,26.2240105,0.028420696,0.118854418,2.37424501e-05,30,1.11899996,2
1283,718208400000712,90919945,2458663.6994762686,58663.199456,18.0901871,0.035234604,0,zr,206.0255167,39.4715688,1.29400003,0.134000003,20190629199433,718,0x8,0x4,21.1100006,26.0706825,0.0324980579,0.130717665,3.04504083e-05,30,1.05799997,1
1284,718208400000712,91617866,2458670.6782168066,58670.178669,18.0677013,0.0347150825,0,zr,206.0254577,39.47156,0.731999993,0.0350000001,20190706178657,718,0x8,0x4,20.7800007,26.131506,0.0313689299,0.136511222,2.81212524e-05,30,1.05599999,1
1285,718208400000712,92221064,2458676.709794411,58676.2106481,18.0828495,0.0350639001,0,zr,206.0255144,39.4715732,1.82599998,0.191,20190712210625,718,0x8,0x4,21.0400009,26.1462917,0.0333314873,0.109259643,3.2295422e-05,30,1.17700005,1
1286,718208400000712,92521848,2458679.7174336608,58679.2184838,18.112957,0.0357716866,0,zr,206.0255098,39.4715308,1.454,0.162,20190715218368,718,0x8,0x4,20.7900009,26.168726,0.0348863825,0.122679219,3.57315839e-05,30,1.23899996,1
1287,718208400000712,92823942,2458682.7381769856,58682.2394213,18.1222801,0.0359948277,0,zr,206.0255037,39.4715479,1.72800004,0.232999995,20190718239410,718,0x8,0x4,20.9300003,26.1357327,0.0304358918,0.116085105,2.68790118e-05,30,1.39300001,1
1288,718208400000712,93517814,2458689.676472334,58689.1781481,18.1482849,0.0366272442,0,zr,206.0254952,39.4715585,0.933000028,0.108000003,20190725178148,718,0x8,0x4,21.1900005,25.9227467,0.0493011922,0.126968101,7.13248373e-05,30,1.18700004,1
1289,718208400000712,93818708,2458692.6852277946,58692.1870833,18.1705036,0.0371794738,32768,zr,206.0255173,39.4715605,0.898000002,0.118000001,20190728187083,718,0x8,0x4,20.5200005,25.7269535,0.0331505649,0.134407327,3.23587883e-05,30,1.25699997,1
1290,718208400000712,94120853,2458695.706499293,58695.2085301,18.0582428,0.0344997048,0,zr,206.0255244,39.471563,1.53900003,0.123999998,20190731208530,718,0x8,0x4,20.7399998,25.8664665,0.0364195965,0.113962665,3.89612069e-05,30,1.42299998,1
1291,718208400000712,94418120,2458698.6790060326,58698.1812037,18.0709152,0.0347886868,0,zr,206.0255033,39.4715516,1.50699997,0.197999999,20190803181192,718,0x8,0x4,20.9400005,25.9174976,0.030519506,0.123539902,2.72067427e-05,30,1.30900002,1
1292,718208400000712,94716172,2458701.6593655422,58701.1617245,18.1893768,0.0376573019,32768,zr,206.0254834,39.4715859,0.910000026,0.374000013,20190806161725,718,0x8,0x4,19.4200001,24.9689655,0.0658118874,0.0963551551,0.00018269608,30,1.25399995,1
1293,718208400000712,95115878,2458705.6562196035,58705.1587847,18.1013508,0.0354965441,0,zr,206.0254861,39.4715297,0.791999996,0.0719999969,20190810158785,718,0x8,0x4,20.4599991,26.0928974,0.0331851095,0.130743399,3.24546672e-05,30,1.29200006,1
1294,718208400000712,95824108,2458712.7381886826,58712.241088,17.9700642,0.0325797908,0,zr,206.025459,39.4715889,0.558000028,-0.0320000015,20190817241076,718,0x8,0x4,19.5599995,26.0002441,0.0491318405,0.144402832,7.61881747e-05,30,2.4519999,1
1295,718208400000712,99211866,2458746.6148455623,58746.118669,18.1608582,0.0369383805,0,zr,206.025539,39.4715503,0.947000027,0.0399999991,20190920118588,718,0x8,0x4,20.1100006,26.021265,0.036316216,0.121746436,3.83867045e-05,30,1.90999997,2
1296,718208400000712,99212298,2458746.61916262,58746.1229861,18.0354443,0.0339882076,0,zr,206.0255,39.4715707,1.20700002,0.151999995,20190920122917,718,0x8,0x4,20.4300003,25.9939766,0.0308203232,0.131399482,2.74851973e-05,30,1.97300005,2
1297,718208400000712,99212731,2458746.62349128,58746.1273148,18.0269165,0.0337996483,0,zr,206.025522,39.4715751,0.643000007,0.0659999996,20190920127245,718,0x8,0x4,20.4099998,25.9765205,0.0355642475,0.128483638,3.70845519e-05,30,2.03999996,2
1298,718208400000712,99213163,2458746.627808336,58746.1316319,18.0954933,0.0353587642,0,zr,206.02551,39.4715539,0.880999982,0.100000001,20190920131562,718,0x8,0x4,20.3600006,25.9711609,0.0372409374,0.127178133,4.0530671e-05,30,2.11299992,2
1299,718208400000712,99411755,2458748.613719373,58748.1175579,18.0821247,0.0350471027,0,zr,206.0255546,39.4715754,0.628000021,-0.0480000004,20190922117431,718,0x8,0x4,20.1700001,25.9876575,0.0422055945,0.128952771,5.16740656e-05,30,1.97300005,2
1300,718208400000712,99412262,2458748.6187887355,58748.1226273,17.8096542,0.02946884,32768,zr,206.0255826,39.4715424,0.50999999,-0.0350000001,20190922122500,718,0x8,0x4,18.7399998,25.0464897,0.102140225,0.125997096,0.000677962438,30,2.05299997,2
1301,718208400000712,99412769,2458748.6238582,58748.1276968,17.9809322,0.0328080058,0,zr,206.0255281,39.4716111,0.714999974,0.0540000014,20190922127569,718,0x8,0x4,20.1100006,25.8919525,0.0428363942,0.134267807,5.40030924e-05,30,2.1400001,2
1302,718208400000712,99611377,2458750.609924176,58750.1137731,17.9307632,0.0317735001,0,zr,206.0254444,39.4715532,0.99000001,0.0769999996,20190924113704,718,0x8,0x4,19.1399994,25.9983788,0.0539639778,0.110284716,0.000116737225,30,1.99899995,2
1303,718208400000712,99611869,2458750.6148431487,58750.1186921,18.0053291,0.0333288647,0,zr,206.0255235,39.4714693,0.628000021,0.0599999987,20190924118623,718,0x8,0x4,19.4799995,25.965023,0.0501061752,0.124581322,8.36533727e-05,30,2.079,2
1304,718208400000712,99612361,2458750.6197621226,58750.1236111,18.0286293,0.0338374116,0,zr,206.0253903,39.4715063,1.01300001,0.0160000008,20190924123542,718,0x8,0x4,19.4899998,25.9524517,0.0484806076,0.13473323,7.7121811e-05,30,2.16499996,2
1305,718208400000712,99612851,2458750.624669497,58750.1285185,17.9059277,0.0312790908,0,zr,206.0254109,39.4714821,0.680000007,-0.0270000007,20190924128449,718,0x8,0x4,19.3299999,25.9400425,0.0523385219,0.133083835,0.000102531005,30,2.25999999,2
1306,718208400000712,100011770,2458754.6138527347,58754.1177083,18.0610085,0.034562476,0,zr,206.0254945,39.4715497,1.10699999,0.119999997,20190928117604,718,0x8,0x4,20.2299995,25.9740677,0.0346616507,0.12956889,3.52351453e-05,30,2.26200008,2
1307,718208400000712,100012253,2458754.618679136,58754.1225347,17.9879227,0.0329560414,0,zr,206.0255289,39.4715679,1.00899994,0.0469999984,20190928122431,718,0x8,0x4,20.1700001,25.9583073,0.0348747,0.13711004,3.649063e-05,30,2.36400008,2
1308,718208400000712,100410631,2458758.602476219,58758.1063194,18.1229401,0.0360106714,0,zr,206.0254621,39.4715572,0.605000019,0.0379999988,20191002106238,718,0x8,0x4,19.5699997,25.9743919,0.0465932116,0.13129507,7.02745238e-05,30,2.25200009,2
1309,718208400000712,100411118,2458758.607337444,58758.1111806,17.9458351,0.0320792012,0,zr,206.0255209,39.471583,0.930999994,0.105999999,20191002111100,718,0x8,0x4,19.9699993,25.9564533,0.0436231531,0.124772362,5.55369661e-05,30,2.35400009,2
1310,718208400000712,100411601,2458758.612175362,58758.1160185,18.0677357,0.0347158462,0,zr,206.0255012,39.4715361,0.796000004,0.104000002,20191002115938,718,0x8,0x4,20.1100006,25.9233704,0.0415339097,0.131520629,5.07234254e-05,30,2.46499991,2
1311,718208400000712,100412086,2458758.6170249847,58758.1208681,18.0205841,0.0336605757,0,zr,206.0254761,39.4715587,0.998000026,0.0970000029,20191002120787,718,0x8,0x4,19.9799995,25.9104118,0.0424310751,0.135018602,5.35605213e-05,30,2.58800006,2
1312,718208400000712,100610343,2458760.5996076358,58760.1034375,17.7794704,0.028934747,0,zr,206.0254685,39.4715749,0.968999982,-0.0120000001,20191004103414,718,0x8,0x4,19.0900002,25.9971313,0.0448162034,0.146089077,8.74706384e-05,30,2.30500007,2
1313,718208400000712,100610827,2458760.6044456703,58760.1082755,17.9686241,0.0325497203,0,zr,206.0255112,39.4715859,0.451999992,0.0309999995,20191004108252,718,0x8,0x4,19.8500004,25.9722767,0.0401742607,0.138535574,4.82451396e-05,30,2.41199994,2
1314,718208400000712,100611311,2458760.6092836005,58760.1131134,18.0323105,0.0339187644,0,zr,206.0255137,39.4715431,0.499000013,0.0769999996,20191004113090,718,0x8,0x4,20.0799999,25.9530373,0.039045956,0.136502922,4.46410595e-05,30,2.52800012,2
1315,718208400000712,100611795,2458760.614121637,58760.1179514,18.0694695,0.0347555466,0,zr,206.025528,39.4715857,1.37199998,0.0500000007,20191004117928,718,0x8,0x4,19.6000004,25.9393482,0.0430651456,0.134695187,5.84028785e-05,30,2.65700006,2
1316,718208400000712,100810202,2458762.5982136875,58762.1020255,17.9965858,0.0331408568,0,zr,206.0255372,39.4715549,0.791000009,0.0939999968,20191006101898,718,0x8,0x4,19.6599998,25.9612904,0.0435266867,0.137648702,6.20803912e-05,30,2.39299989,2
1317,718208400000712,100810700,2458762.6031905343,58762.1070023,18.0425644,0.0341468044,0,zr,206.0255257,39.4715661,0.867999971,0.107000001,20191006106875,718,0x8,0x4,20.0200005,25.944418,0.0367999636,0.146823406,4.0581006e-05,30,2.51200008,2
1318,718208400000712,100811196,2458762.608155878,58762.1119676,17.9764919,0.0327145047,0,zr,206.0254478,39.4715556,0.476000011,0.0560000017,20191006111852,718,0x8,0x4,19.8500004,25.9466095,0.0422087461,0.138762891,5.42099624e-05,30,2.64299989,2
1319,718208400000712,104653613,2458801.0335343108,58800.5361343,18.062418,0.0345945545,0,zr,206.0255234,39.4715624,1.27699995,0.148000002,20191113536134,718,0x8,0x4,20.3600006,26.0420723,0.0330805928,0.12231148,3.1517473e-05,30,2.18700004,1
1320,718208400000712,108149084,2458835.9904136,58835.4908449,18.0724983,0.0348250233,0,zr,206.0255929,39.4716072,1.21500003,-0.0160000008,20191218490845,718,0x8,0x4,19.8400002,26.2099133,0.0423910543,0.1321114,5.02613038e-05,30,1.546,1
1321,718208400000712,108455475,2458839.054539377,58838.5547569,18.0658951,0.0346737877,32768,zr,206.0254839,39.4715289,1.04299998,-0.0680000037,20191221554745,718,0x8,0x4,19.4200001,25.1465397,0.049601052,0.111846082,9.1877766e-05,30,1.15600002,1
1322,718208400000712,109854793,2458853.04870364,58852.5479398,18.0550995,0.0344285294,0,zr,206.0254888,39.4715731,1.83399999,0.182999998,20200104547870,718,0x8,0x4,21.3700008,26.2868176,0.0330346189,0.115509465,3.13056335e-05,30,1.07500005,1
1323,718208400000712,109856745,2458853.0682189,58852.5674537,18.065733,0.0346700884,0,zr,206.0255322,39.4715774,2.18199992,0.204999998,20200104567454,718,0x8,0x4,21.5,26.3284702,0.0299580898,0.113593236,2.54730876e-05,30,1.04200006,1
1324,718208400000712,110154603,2458856.0470014373,58855.5460301,18.0421638,0.0341378562,0,zr,206.025495,39.4715412,0.791000009,0.0869999975,20200107546019,718,0x8,0x4,21.5100002,26.2767963,0.0302370619,0.118408881,2.6406964e-05,30,1.06299996,2
1325,718208400000712,110154696,2458856.047939003,58855.5469676,18.0347309,0.03397239,0,zr,206.0254922,39.4715507,1.92999995,0.210999995,20200107546944,718,0x8,0x4,21.4200001,26.2933483,0.0290505048,0.119657129,2.43601189e-05,30,1.06200004,1
1326,718208400000712,110238309,2458856.8849871308,58856.3830903,17.7015419,0.0276258681,32768,zr,206.0254769,39.4715483,0.635999978,-0.0920000002,20200108383090,718,0x8,0x4,19.7000008,27.9722443,0.208639994,0.0360799171,0.00176869682,180,2.19099998,2
1327,718208400000712,110544394,2458859.945184396,58859.4439468,18.0826378,0.0350589827,0,zr,206.0255297,39.4715697,1.26600003,0.155000001,20200111443935,718,0x8,0x4,20.4099998,26.2421627,0.0318424515,0.119450167,2.95834343e-05,30,1.40699995,2
1328,718208400000712,110546712,2458859.968368785,58859.4671296,18.0308151,0.033885669,0,zr,206.0255218,39.4715877,0.50999999,0.0379999988,20200111467130,718,0x8,0x4,20.7000008,26.2243958,0.0362872221,0.125418708,3.81862337e-05,30,1.27600002,2
1329,718208400000712,110546849,2458859.9697346794,58859.4684954,18.0014877,0.0332460776,0,zr,206.025495,39.4715641,1.39600003,0.148000002,20200111468484,718,0x8,0x4,20.6299992,26.2481022,0.0302965231,0.124819212,2.66833886e-05,30,1.26999998,1
1330,718208400000712,110638283,2458860.884136592,58860.3828356,18.0240898,0.0337374769,0,zr,206.0255052,39.4715905,0.778999984,0.115999997,20200112382836,718,0x8,0x4,19.8899994,26.1595898,0.0417861901,0.130921647,4.95695022e-05,30,2.00699997,2
1331,718208400000712,110640084,2458860.902147117,58860.4008449,18.0692673,0.0347508974,0,zr,206.0255552,39.4715297,0.998000026,0.0909999982,20200112400845,718,0x8,0x4,19.6800003,26.1947746,0.0437095314,0.129499078,5.64103211e-05,30,1.76300001,2
1332,718208400000712,110838747,2458862.888912323,58862.3874769,17.996376,0.0331363603,0,zr,206.0255164,39.4715496,0.485000014,-0.0130000003,20200114387477,718,0x8,0x4,19.8500004,26.1708832,0.0399207212,0.13556391,4.60122974e-05,30,1.86199999,2
1333,718208400000712,110840150,2458862.9029409685,58862.4015046,18.00737,0.0333729684,0,zr,206.0255667,39.4715799,0.552999973,-0.0289999992,20200114401505,718,0x8,0x4,19.7000008,26.1908875,0.0416332074,0.127257302,5.10162281e-05,30,1.69500005,2
1334,718208400000712,110840240,2458862.9038438248,58862.4024074,18.0730324,0.0348372981,0,zr,206.0256228,39.4715641,0.505999982,-0.0,20200114402407,718,0x8,0x4,19.7800007,26.1885128,0.0411000773,0.129477471,4.96121538e-05,30,1.68599999,1
1335,718208400000712,111049939,2458865.0009735487,58864.4993981,18.0224552,0.0337015651,0,zr,206.0255165,39.4715624,1.449,0.134000003,20200116499375,718,0x8,0x4,21.2600002,26.2491341,0.0307201594,0.113450289,2.70273285e-05,30,1.11099994,2
1336,718208400000712,111050414,2458865.005719261,58864.5041435,18.148159,0.0366241336,32768,zr,206.0255512,39.4715621,0.671000004,0.0850000009,20200116504132,718,0x8,0x4,19.9099998,25.5168247,0.0459422655,0.113001436,6.52890885e-05,30,1.09899998,2
1337,718208400000712,111254138,2458867.0430978574,58866.5413889,18.0365238,0.0340122059,0,zr,206.0255054,39.4715664,2.55299997,0.263999999,20200118541377,718,0x8,0x4,21.2199993,26.2891617,0.0285569765,0.124817729,2.34089748e-05,30,1.028,2
1338,718208400000712,111348750,2458867.9892701358,58867.4875,18.0315933,0.0339028798,0,zr,206.0255089,39.4715656,1.26300001,0.158000007,20200119487477,718,0x8,0x4,21.2800007,26.3034039,0.0290993378,0.127639264,2.42612914e-05,30,1.12100005,1
1339,718208400000712,111349965,2458868.001423727,58867.4996528,18.0128937,0.0334927738,0,zr,206.0254756,39.4715845,1.11399996,0.0469999984,20200119499641,718,0x8,0x4,20.8799992,26.2666264,0.0305972919,0.123775512,2.70347336e-05,30,1.09099996,2
1340,718208400000712,111751895,2458872.0209840667,58871.5189583,18.0725975,0.0348272957,0,zr,206.0254895,39.4715944,1.59899998,0.0850000009,20200123518935,718,0x8,0x4,21.0799999,26.242218,0.0313832201,0.123228326,2.88085685e-05,30,1.03799999,2
1341,718208400000712,111753775,2458872.0397815392,58871.5377546,18.016655,0.0335746929,0,zr,206.0255138,39.4715789,1.64400005,0.0250000004,20200123537755,718,0x8,0x4,20.9699993,26.2334061,0.0295374356,0.130252898,2.52932678e-05,30,1.01900005,2
1342,718208400000712,111855127,2458873.0533628715,58872.5512731,18.0329704,0.0339333601,0,zr,206.0255207,39.4715769,2.19099998,0.209000006,20200124551238,718,0x8,0x4,21.5400009,26.228714,0.030521106,0.116919041,2.70257406e-05,30,1.00999999,2
1343,718208400000712,111855217,2458873.0542657264,58872.5521759,17.9375877,0.0319113657,0,zr,206.0255318,39.471576,2.2019999,0.177000001,20200124552176,718,0x8,0x4,21.5400009,26.1353798,0.0298645142,0.120994449,2.57142201e-05,30,1.00999999,1
1344,718208400000712,111857412,2458873.076211581,58872.5741204,18.0490437,0.0342920236,0,zr,206.0254957,39.4715412,2.04999995,0.241999999,20200124574109,718,0x8,0x4,20.8400002,25.9777393,0.0314791016,0.119414054,2.87072744e-05,30,1.00899994,2
1345,718208400000712,111951805,2458874.0202047345,58873.5180556,18.0506592,0.0343283899,0,zr,206.0254659,39.4715695,1.95500004,0.204999998,20200125518032,718,0x8,0x4,21.3400002,26.2784061,0.0286860839,0.122280709,2.34227646e-05,30,1.03199995,2
1346,718208400000712,111952901,2458874.0311660045,58873.5290162,18.0291901,0.0338497758,0,zr,206.0254832,39.4715511,1.49000001,0.239999995,20200125529016,718,0x8,0x4,21.6599998,26.3529644,0.0325010978,0.117367864,3.01266973e-05,30,1.02100003,2
1347,718208400000712,112150679,2458876.0090634087,58875.506794,17.9739418,0.0326609425,0,zr,206.0255396,39.4715678,1.06299996,0.0469999984,20200127506771,718,0x8,0x4,21.1399994,26.2497444,0.0290098693,0.125298336,2.41436792e-05,30,1.03999996,2
1348,718208400000712,112152903,2458876.0313101457,58875.5290394,18.0727272,0.0348302796,0,zr,206.0255207,39.4715788,1.32200003,0.0560000017,20200127528982,718,0x8,0x4,21.4200001,26.3024197,0.0303036682,0.118182398,2.60747656e-05,30,1.01699996,1
1349,718208400000712,112152993,2458876.0322014005,58875.5299306,17.998951,0.0331915654,0,zr,206.0255028,39.4715606,1.01600003,0.104000002,20200127529931,718,0x8,0x4,21.5,26.2876644,0.0294857696,0.122734509,2.49196182e-05,30,1.01699996,2
1350,718208400000712,112254905,2458877.051382329,58876.5490509,17.9790363,0.0327680409,0,zr,206.0254992,39.4715702,1.49300003,0.119999997,20200128548993,718,0x8,0x4,21.6900005,26.3177624,0.0308298562,0.116787389,2.73412552e-05,30,1.00800002,2
1351,718208400000712,112256702,2458877.06935799,58876.5670255,18.0005302,0.0332254618,0,zr,206.0255012,39.4715626,1.23300004,0.119999997,20200128567014,718,0x8,0x4,21.6000004,26.292305,0.0260858051,0.120907865,1.95169705e-05,30,1.00999999,2
1352,718208400000712,112349749,2458877.999887217,58877.4975,18.0545006,0.0344150104,0,zr,206.0254956,39.4715685,1.44299996,0.153999999,20200129497488,718,0x8,0x4,21.6100006,26.3012199,0.0377264544,0.123734206,4.10455614e-05,30,1.04499996,2
1353,718208400000712,112351261,2458878.015003804,58877.5126157,18.0233326,0.0337208211,0,zr,206.0255079,39.4715548,1.653,0.172000006,20200129512604,718,0x8,0x4,21.4899998,26.2950211,0.0289647598,0.127114788,2.41974776e-05,30,1.02600002,2
1354,718208400000712,112437144,2458878.8738848055,58878.3714468,17.9841785,0.0328766555,0,zr,206.0254466,39.4715379,1.10599995,0.00600000005,20200130371435,718,0x8,0x4,20.1100006,26.209753,0.0397899449,0.121437147,4.50506195e-05,30,1.56400001,2
1355,718208400000712,112454862,2458879.0510710287,58878.5486227,17.9839783,0.0328724161,0,zr,206.0254903,39.4715866,0.95599997,0.00700000022,20200130548623,718,0x8,0x4,19.9400005,26.0866261,0.0353164598,0.12897712,3.61412895e-05,30,1.00800002,1
1356,718208400000712,112456671,2458879.069162371,58878.566713,18.0008354,0.0332320258,0,zr,206.0254889,39.4715322,0.824999988,0.0289999992,20200130566690,718,0x8,0x4,20.7900009,26.2505379,0.0289967991,0.117803596,2.45374067e-05,30,1.01199996,2
1357,718208400000712,112555356,2458880.056070813,58879.5535648,17.9084587,0.0313289389,0,zr,206.0255195,39.4715643,1.61099994,0.130999997,20200131553530,718,0x8,0x4,19.8700008,26.2302895,0.0394780748,0.113004118,4.47943494e-05,30,1.00899994,2
1358,718208400000712,112650504,2458881.007606254,58880.5050463,18.0207672,0.0336645693,0,zr,206.0255034,39.4715417,0.82099998,0.0829999968,20200201505023,718,0x8,0x4,21.2900009,26.3047485,0.0296780895,0.126935467,2.51926012e-05,30,1.02600002,2
1359,718208400000712,112654069,2458881.0432563648,58880.5406944,18.0399361,0.0340881385,0,zr,206.0254862,39.471554,1.71099997,0.170000002,20200201540694,718,0x8,0x4,21.4099998,26.3119373,0.0387903824,0.127181321,4.34099966e-05,30,1.00800002,2
1360,718208400000712,112752931,2458882.0319343708,58881.5293171,18.0557251,0.0344426855,0,zr,206.0255038,39.4715454,0.640999973,0.0320000015,20200202529190,718,0x8,0x4,21.3999996,26.288826,0.0295825638,0.124831349,2.54182814e-05,30,1.00899994,1
1361,718208400000712,112753021,2458882.0328372214,58881.5302199,18.0995655,0.0354544632,0,zr,206.0254874,39.4715629,2.32500005,0.188999996,20200202530220,718,0x8,0x4,21.3600006,26.3145828,0.0315032378,0.123929933,2.86067843e-05,30,1.00899994,2
1362,718208400000712,112756238,2458882.0650034053,58881.5623843,18.0237808,0.0337306634,0,zr,206.0254915,39.4715702,1.51600003,0.204999998,20200202562384,718,0x8,0x4,21.4500008,26.296608,0.0287442971,0.119370915,2.34259751e-05,30,1.01400006,2
1363,718208400000712,112952542,2458884.028154859,58883.5254282,17.9845467,0.0328844301,0,zr,206.0254871,39.4715844,0.801999986,0.0199999996,20200204525370,718,0x8,0x4,20.6299992,26.2389278,0.0293645114,0.12046551,2.45179144e-05,30,1.00899994,2
1364,718208400000712,112954612,2458884.048850473,58883.5461227,18.048214,0.0342733786,0,zr,206.0255278,39.4716052,0.465999991,0.0179999992,20200204546053,718,0x8,0x4,20.8199997,26.2375011,0.028984338,0.129777238,2.35810476e-05,30,1.00999999,2
1365,718208400000712,113053572,2458885.038510028,58884.5357292,18.0199013,0.0336456224,0,zr,206.0254943,39.4715815,1.08800006,0.0480000004,20200205535694,718,0x8,0x4,20.9500008,26.2603149,0.0282352548,0.116928756,2.29972993e-05,30,1.00800002,1
1366,718208400000712,113053663,2458885.0394127755,58884.5366319,18.0015354,0.0332471021,0,zr,206.0255037,39.4715796,1.35800004,0.116999999,20200205536632,718,0x8,0x4,21.0699997,26.263958,0.0272415895,0.116986647,2.12508094e-05,30,1.00800002,2
1367,718208400000712,113152020,2458886.0230411226,58885.5202083,18.0504913,0.034324605,0,zr,206.0254931,39.4715756,1.15499997,0.075000003,20200206520208,718,0x8,0x4,21.0699997,26.2580738,0.0277941804,0.129251286,2.23044954e-05,30,1.00899994,2
1368,718208400000712,113153343,2458886.036271016,58885.5334375,18.037672,0.0340377241,0,zr,206.0254928,39.4715703,1.11500001,0.137999997,20200206533438,718,0x8,0x4,21.3299999,26.2732754,0.025891386,0.120372094,1.93708456e-05,30,1.00800002,2
1369,718208400000712,113251605,2458887.0189378085,58886.5160532,18.0480614,0.0342699476,0,zr,206.0254918,39.4715604,1.37100005,0.150000006,20200207516018,718,0x8,0x4,20.8700008,26.2897587,0.0308986064,0.127173305,2.75335442e-05,30,1.00899994,2
1370,718208400000712,113252842,2458887.031311147,58886.5284259,18.0890942,0.0352091007,0,zr,206.0254861,39.4715675,1.505,0.216999993,20200207528426,718,0x8,0x4,21.0599995,26.2678413,0.0393021628,0.124728225,4.40184413e-05,30,1.00800002,2
1371,718208400000712,113349737,2458888.000307528,58887.4973727,18.0397015,0.0340829268,0,zr,206.0255104,39.4715653,1.74300003,0.180000007,20200208497199,718,0x8,0x4,20.7199993,26.2414932,0.0324270241,0.131056711,2.995258e-05,30,1.01600003,2
1372,718208400000712,113350550,2458888.00844454,58887.5055093,18.0120239,0.0334738567,0,zr,206.0255325,39.4715641,1.31900001,0.140000001,20200208505451,718,0x8,0x4,20.8700008,26.2528839,0.0357190818,0.112444505,3.60412851e-05,30,1.01199996,2
1373,718208400000712,113350640,2458888.0093357866,58887.5064005,18.0299034,0.0338655151,0,zr,206.0255145,39.4715432,1.33099997,0.179000005,20200208506400,718,0x8,0x4,20.8899994,26.246767,0.0286767781,0.120085627,2.34382205e-05,30,1.01100004,1
1374,718208400000712,113447423,2458888.977220108,58888.4742361,17.9499302,0.032163009,0,zr,206.0255069,39.4715722,0.72299999,0.0939999968,20200209474213,718,0x8,0x4,20.1800003,26.2666836,0.0340658352,0.120550334,3.34643883e-05,30,1.03600001,2
1375,718208400000712,113448968,2458888.992672279,58888.4896875,18.0956573,0.0353626236,0,zr,206.0255503,39.4715578,1.17799997,0.118000001,20200209489664,718,0x8,0x4,20.1800003,26.274437,0.0373111255,0.124276884,3.96230025e-05,30,1.01999998,2
1376,718208400000712,113645611,2458890.9591923524,58890.4561111,17.9648914,0.0324719436,0,zr,206.0255113,39.4715289,0.68900001,0.0270000007,20200211456100,718,0x8,0x4,19.5799999,26.2505455,0.0380330794,0.12286792,4.44336365e-05,30,1.05400002,2
1377,718208400000712,113647429,2458890.9773761244,58890.474294,17.8746147,0.0306720361,0,zr,206.025628,39.4716242,0.60799998,0.00200000009,20200211474294,718,0x8,0x4,19.2199993,26.2443371,0.0462996252,0.127101302,8.16246684e-05,30,1.02900004,2
1378,718208400000712,113647521,2458890.97830208,58890.4752199,17.9503975,0.0321725979,0,zr,206.0254809,39.4714968,0.456999987,0.0189999994,20200211475208,718,0x8,0x4,19.2199993,26.2340984,0.048022382,0.129857719,8.5493506e-05,30,1.028,1
1379,718208400000712,113748276,2458891.985896472,58891.4827662,18.0359306,0.0339990109,0,zr,206.0255009,39.471576,1.30400002,0.128000006,20200212482593,718,0x8,0x4,20.7800007,26.2625446,0.0288255867,0.123597965,2.42335809e-05,30,1.01900005,2
1380,718208400000712,113751304,2458892.016175705,58891.513044,17.9991531,0.0331958868,0,zr,206.025492,39.471557,1.199,0.141000003,20200212513044,718,0x8,0x4,20.8099995,26.2706757,0.0300607309,0.119440071,2.5647345e-05,30,1.00800002,2
1381,718208400000712,113850837,2458893.0115578845,58892.5083796,17.997591,0.033162389,0,zr,206.0255494,39.4715548,1.39400005,0.153999999,20200213508310,718,0x8,0x4,21.1399994,26.2622108,0.0281322561,0.120528482,2.28904391e-05,30,1.00800002,2
1382,718208400000712,113853262,2458893.035806707,58892.5326273,18.1026154,0.0355263799,0,zr,206.0255125,39.4715677,1.74699998,0.351999998,20200213532384,718,0x8,0x4,21.0900002,26.2862778,0.0321605802,0.117969193,2.96772541e-05,30,1.01499999,2
1383,718208400000712,113951512,2458894.0183517803,58893.5151273,18.0924301,0.03528703,0,zr,206.0255028,39.4715708,1.63999999,0.207000002,20200214515127,718,0x8,0x4,21.3700008,26.2789764,0.0313569643,0.114572607,2.84133621e-05,30,1.00899994,1
1384,718208400000712,113951603,2458894.0192546225,58893.5160301,18.1117706,0.0357434303,0,zr,206.0254865,39.4715527,1.95500004,0.248999998,20200214516018,718,0x8,0x4,21.3099995,26.2883148,0.0434998833,0.112753965,5.3889471e-05,30,1.00899994,2
1385,718208400000712,113953930,2458894.0425311723,58893.5393056,18.0175056,0.0335932449,0,zr,206.0255231,39.4715729,1.46000004,0.145999998,20200214539306,718,0x8,0x4,21.3500004,26.2640705,0.0302521531,0.114502534,2.61658333e-05,30,1.02100003,2
1386,718208400000712,114048054,2458894.9838118926,58894.480544,18.0330772,0.0339357331,0,zr,206.0254938,39.4715732,1.625,0.153999999,20200215480486,718,0x8,0x4,21.4099998,26.2646389,0.0305569265,0.114715554,2.68077292e-05,30,1.01499999,2
1387,718208400000712,114051114,2458895.014415052,58894.5111458,18.0617943,0.0345803387,0,zr,206.025527,39.4715667,0.792999983,0.135000005,20200215511146,718,0x8,0x4,21.2600002,26.2562313,0.0270485971,0.120111659,2.12005671e-05,30,1.00800002,2
1388,718208400000712,114146759,2458895.970903964,58895.4675926,18.0650444,0.0346543901,0,zr,206.0255006,39.4715497,1.18599999,0.104999997,20200216467546,718,0x8,0x4,21.2999992,26.2628727,0.0283250902,0.123929806,2.28674508e-05,30,1.023,2
1389,718208400000712,114149359,2458895.9969119974,58895.4935995,18.0505867,0.0343267508,0,zr,206.0255157,39.4715665,1.21800005,0.0960000008,20200216493600,718,0x8,0x4,21.3799992,26.2833099,0.0284564868,0.122802153,2.32684379e-05,30,1.00899994,2
1390,718208400000712,114447221,2458898.975648491,58898.4722106,18.0097771,0.033425089,0,zr,206.0254747,39.4715877,1.94400001,0.196999997,20200219472211,718,0x8,0x4,21.7999992,26.304472,0.0271971673,0.11435575,2.1308706e-05,30,1.01300001,2
1391,718208400000712,114449278,2458898.9962281254,58898.4927894,18.0217285,0.033685647,0,zr,206.0255239,39.4715371,1.92799997,0.153999999,20200219492789,718,0x8,0x4,21.7600002,26.3224087,0.0331807211,0.11363285,3.17718332e-05,30,1.00800002,1
1392,718208400000712,114449369,2458898.997130863,58898.4936921,17.9253006,0.0316637494,0,zr,206.0255035,39.4715491,1.42400002,0.130999997,20200219493692,718,0x8,0x4,21.7199993,26.3150425,0.0283785425,0.120178036,2.31168306e-05,30,1.00800002,2
1393,718208400000712,114450778,2458899.0112287328,58898.5077894,17.9621429,0.0324148834,0,zr,206.0255087,39.4715579,1.42499995,0.109999999,20200219507732,718,0x8,0x4,21.7299995,26.3238811,0.0277259257,0.121728204,2.20100083e-05,30,1.00999999,2
1394,718208400000712,114548744,2458899.9909207164,58899.4874421,18.022562,0.0337039232,0,zr,206.0255125,39.4715749,1.722,0.215000004,20200220487442,718,0x8,0x4,21.5499992,26.2813644,0.0257146452,0.119574383,1.8960016e-05,30,1.00800002,2
1395,718208400000712,114548834,2458899.991823552,58899.4883449,18.0595875,0.0345302038,0,zr,206.0255148,39.4715682,1.36199999,0.175999999,20200220488345,718,0x8,0x4,21.5100002,26.2903671,0.0272603631,0.115360819,2.15591317e-05,30,1.00800002,1
1396,718208400000712,114550303,2458900.0065116333,58899.5030324,18.016407,0.0335692801,0,zr,206.0255098,39.471558,1.84300005,0.233999997,20200220502546,718,0x8,0x4,21.4699993,26.2762527,0.0314212404,0.123225875,2.81610573e-05,30,1.00999999,2
1397,718208400000712,114644723,2458900.950749957,58900.4472338,18.0735321,0.0348487757,32768,zr,206.0255112,39.4715259,0.542999983,0.0,20200221447211,718,0x8,0x4,20.0300007,24.8463879,0.049500566,0.10520751,7.46821679e-05,30,1.02900004,2
1398,718208400000712,114647603,2458900.97954737,58900.4760301,18.0834694,0.0350782797,0,zr,206.0255212,39.4715605,1.61000001,0.172999993,20200221475984,718,0x8,0x4,21.0499992,25.9392357,0.0279507488,0.122528568,2.23760089e-05,30,1.00999999,2
1399,718208400000712,114647693,2458900.980450205,58900.4769329,18.0056744,0.0333363265,0,zr,206.0255212,39.4715688,1.64400005,0.170000002,20200221476933,718,0x8,0x4,21.25,26.0144901,0.0284750946,0.117420971,2.33264127e-05,30,1.00899994,1
1400,718208400000712,114649202,2458900.9955433854,58900.4920255,18.200016,0.0379302576,32768,zr,206.025541,39.4715555,1.17700005,0.0729999989,20200221491991,718,0x8,0x4,19.7199993,24.7016315,0.0580626018,0.1320467,0.000127259467,30,1.00800002,2
1401,718208400000712,114741028,2458901.913842267,58901.4102894,18.0247421,0.0337518044,0,zr,206.0254836,39.4715668,1.27199996,0.0820000023,20200222410266,718,0x8,0x4,21.1700001,26.2284737,0.0280821621,0.121289335,2.29163506e-05,30,1.08299994,2
1402,718208400000712,114743129,2458901.934849963,58901.4312963,18.0509338,0.034334559,0,zr,206.0255026,39.4715718,1.23300004,0.0829999968,20200222431285,718,0x8,0x4,21.3099995,26.2557068,0.0322795101,0.124727078,3.00846659e-05,30,1.046,2
1403,718208400000712,114743222,2458901.9357758975,58901.4322222,18.0426502,0.0341487229,0,zr,206.025504,39.4715681,1.37399995,0.142000005,20200222432211,718,0x8,0x4,21.5200005,26.2824268,0.0325818844,0.122299306,3.08107374e-05,30,1.04400003,1
1404,718208400000712,114745420,2458901.957755931,58901.4542014,18.0573311,0.0344790332,0,zr,206.0254682,39.4715562,1.20299995,0.00999999978,20200222454201,718,0x8,0x4,20.8999996,26.2300739,0.0311376713,0.127551511,2.7802902e-05,30,1.01999998,2
1405,718208400000712,114747254,2458901.976101526,58901.4725463,18.0788116,0.0349704511,32768,zr,206.0253667,39.4716276,0.888000011,-0.0469999984,20200222472546,718,0x8,0x4,18.8899994,23.9775276,0.0607857145,0.111003421,0.000219042195,30,1.00999999,2
1406,718208400000712,114940876,2458903.9123875834,58903.4087616,18.0721741,0.0348175727,0,zr,206.0254647,39.4715678,1.07599998,0.061999999,20200224408738,718,0x8,0x4,21.6100006,26.2907906,0.027753165,0.116155878,2.22621784e-05,30,1.07500005,2
1407,718208400000712,114942223,2458903.925860265,58903.4222338,18.0300426,0.033868596,0,zr,206.0255079,39.471549,1.75800002,0.194999993,20200224422222,718,0x8,0x4,21.6599998,26.3168144,0.0335342772,0.12046475,3.17689446e-05,30,1.051,2
1408,718208400000712,114945670,2458903.960329095,58903.4567014,18.0368195,0.0340187699,0,zr,206.0255108,39.4715505,1.82799995,0.186000004,20200224456701,718,0x8,0x4,21.6299992,26.306612,0.0284681953,0.124509521,2.32375805e-05,30,1.01499999,2
1409,718208400000712,114946346,2458903.967088535,58903.4634606,18.0840034,0.0350906737,0,zr,206.0255136,39.4715568,2.1329999,0.257999986,20200224463426,718,0x8,0x4,21.6200008,26.3387909,0.0427548662,0.120556667,5.25345422e-05,30,1.01100004,2
1410,718208400000712,114946436,2458903.9679913674,58903.4643634,18.0407944,0.034107279,0,zr,206.0254995,39.4715566,1.19700003,0.148000002,20200224464363,718,0x8,0x4,21.5499992,26.3066216,0.0287247449,0.123784572,2.39166475e-05,30,1.01100004,1
1411,718208400000712,114949293,2458903.9965687767,58903.4929398,17.9883442,0.0329650119,0,zr,206.0255347,39.4715718,1.33500004,0.115999997,20200224492940,718,0x8,0x4,21.6399994,26.342062,0.0327840224,0.119871803,3.07483388e-05,30,1.00999999,2
1412,718208400000712,114950562,2458904.009254426,58903.505625,18.029129,0.0338484347,0,zr,206.0254992,39.4715703,1.11300004,0.135000005,20200224505613,718,0x8,0x4,21.5,26.270874,0.0274527743,0.114547156,2.17320921e-05,30,1.01600003,2
1413,718208400000712,115046118,2458904.9648434,58904.4611806,18.028307,0.0338302851,0,zr,206.0254976,39.4715751,1.80499995,0.125,20200225461076,718,0x8,0x4,21.2000008,26.2342873,0.0287990626,0.130286753,2.35951484e-05,30,1.01100004,2
1414,718208400000712,115048673,2458904.9903997765,58904.4867361,18.0372219,0.0340277292,0,zr,206.0255185,39.4715585,0.773999989,0.0939999968,20200225486701,718,0x8,0x4,21.2999992,26.262949,0.0282618925,0.124186121,2.28936224e-05,30,1.00899994,2
1415,718208400000712,115048763,2458904.991302608,58904.4876389,18.0283871,0.0338320434,0,zr,206.025509,39.4715661,1.495,0.184,20200225487639,718,0x8,0x4,21.4099998,26.2961311,0.0291214678,0.124145865,2.42732731e-05,30,1.00899994,1
1416,718208400000712,115246262,2458906.966356813,58906.4626273,18.0113487,0.0334592052,0,zr,206.0254875,39.4715851,0.583000004,0.0280000009,20200227462604,718,0x8,0x4,20.8999996,26.1982136,0.0339202955,0.129898846,3.29540708e-05,30,1.00899994,1
1417,718208400000712,115246401,2458906.9677457605,58906.4640162,18.0532036,0.0343857221,0,zr,206.0254706,39.4715408,1.245,0.0780000016,20200227463981,718,0x8,0x4,21.1299992,26.2220268,0.03346375,0.128958791,3.23990207e-05,30,1.00800002,2
1418,718208400000712,115249052,2458906.9942512102,58906.4905208,18.0373154,0.0340297967,0,zr,206.0254854,39.4715824,0.896000028,0.111000001,20200227490521,718,0x8,0x4,20.7000008,25.8800831,0.0307219848,0.119695984,2.7281485e-05,30,1.01199996,2
1419,718208400000712,115444171,2458908.945504189,58908.441713,18.0481491,0.0342719331,0,zr,206.0255225,39.4715446,1.72800004,0.177000001,20200229441644,718,0x8,0x4,21.75,26.3232212,0.0278906897,0.112913929,2.25411095e-05,30,1.01499999,1
1420,718208400000712,115444266,2458908.946453217,58908.442662,18.0212936,0.0336761102,0,zr,206.0255355,39.4715377,1.70799994,0.204999998,20200229442650,718,0x8,0x4,21.7299995,26.3112698,0.027949933,0.117168203,2.22973231e-05,30,1.01499999,2
1421,718208400000712,115449813,2458909.0019294806,58908.4981366,18.0209179,0.0336678848,32768,zr,206.025493,39.4715623,1.82299995,0.192000002,20200229498137,718,0x8,0x4,21.5300007,26.2276573,0.0383698642,0.116547659,4.20559445e-05,30,1.02100003,2
1422,718208400000712,115743984,2458911.9437258528,58911.4398495,18.0197334,0.0336419456,0,zr,206.0255426,39.4715777,1.59099996,0.0860000029,20200303439757,718,0x8,0x4,20.8400002,26.2225151,0.0307689123,0.126309171,2.70933124e-05,30,1.01199996,2
1423,718208400000712,115747067,2458911.9745484763,58911.4706713,18.0341949,0.0339604914,0,zr,206.0255144,39.4715798,1.04799998,0.0719999969,20200303470637,718,0x8,0x4,20.8500004,26.2247849,0.0299977288,0.128539205,2.60112556e-05,30,1.00999999,2
1424,718208400000712,115747157,2458911.975451301,58911.4715741,18.0332088,0.0339386389,0,zr,206.0255066,39.4715753,0.944000006,0.0540000014,20200303471574,718,0x8,0x4,21.1399994,26.2408009,0.0308054294,0.121205695,2.75642524e-05,30,1.00999999,1
1425,718208400000712,115846689,2458912.97080131,58912.4668981,18.0238647,0.0337325223,0,zr,206.025491,39.4715732,0.963,0.103,20200304466840,718,0x8,0x4,21.4400005,26.2504787,0.0331824981,0.128343806,3.13716664e-05,30,1.00999999,2
1426,718208400000712,115846778,2458912.9716926324,58912.4677894,18.026638,0.0337935053,0,zr,206.0254951,39.4715717,1.10000002,0.123999998,20200304467789,718,0x8,0x4,21.4200001,26.2502594,0.0294131506,0.118587479,2.46030941e-05,30,1.00999999,1
1427,718208400000712,115945741,2458913.9613469806,58913.457419,18.0555725,0.0344392359,0,zr,206.025502,39.4715599,1.67999995,0.173999995,20200305457407,718,0x8,0x4,21.1200008,26.0992107,0.0382469818,0.127165079,4.28393141e-05,30,1.00800002,2
1428,718208400000712,115946760,2458913.9715324286,58913.4676042,18.0366173,0.034014266,0,zr,206.0254899,39.4715503,1.61000001,0.159999996,20200305467604,718,0x8,0x4,21.2999992,25.9814644,0.0278298613,0.115835041,2.19677659e-05,30,1.01100004,2
1429,718208400000712,115946850,2458913.972435151,58913.4685069,18.0339775,0.0339556783,0,zr,206.0254992,39.4715357,2.01300001,0.214000002,20200305468495,718,0x8,0x4,21.2600002,25.9758244,0.0295442771,0.116558068,2.495835e-05,30,1.01100004,1
1430,718208400000712,116039067,2458914.8946215906,58914.3906713,18.0400276,0.0340901837,0,zr,206.0255098,39.4715452,1.44299996,0.145999998,20200306390660,718,0x8,0x4,21.0,26.1477776,0.0360318311,0.115903452,3.77608267e-05,30,1.05400002,2
1431,718208400000712,116051185,2458915.0158050084,58914.5118519,18.0641174,0.0346332416,0,zr,206.0254642,39.4715815,0.953999996,0.120999999,20200306511840,718,0x8,0x4,21.4699993,26.2539082,0.0295665041,0.125551805,2.50117428e-05,30,1.05900002,1
1432,718208400000712,116142190,2458915.9258835013,58915.4219097,18.0870781,0.0351621397,0,zr,206.0255263,39.4715534,0.712000012,0.0879999995,20200307421863,718,0x8,0x4,20.3899994,26.1148796,0.0380071402,0.127220139,4.16790062e-05,30,1.01600003,2
1433,718208400000712,116150918,2458916.01316552,58915.5091898,18.0393219,0.0340744518,0,zr,206.0255179,39.4715511,1.08800006,0.128000006,20200307509167,718,0x8,0x4,21.0,26.1980762,0.0355962887,0.123475723,3.66755776e-05,30,1.05900002,2
1434,718208400000712,116151011,2458916.0140914395,58915.5101157,17.9998569,0.0332110189,0,zr,206.0255207,39.4715636,0.824999988,0.0209999997,20200307510104,718,0x8,0x4,20.1399994,25.814621,0.0517232493,0.119703233,7.80292175e-05,30,1.06099999,1
1435,718208400000712,116349465,2458917.9986701524,58917.4946528,18.0421734,0.0341380723,32768,zr,206.0254068,39.4714957,1.10000002,0.144999996,20200309494641,718,0x8,0x4,18.8400002,25.6447105,0.0491801649,0.111381955,0.00012798667,30,1.04499996,2
1436,718208400000712,118242809,2458936.9322713464,58936.4280903,18.0101929,0.0334341154,0,zr,206.0255063,39.4715712,2.01399994,0.141000003,20200328428090,718,0x8,0x4,21.6299992,26.2536831,0.0293661878,0.116311312,2.4762152e-05,30,1.02699995,1
1437,718208400000712,118242902,2458936.9332088446,58936.4290278,17.9797859,0.0327838473,0,zr,206.0254661,39.4715607,2.93199992,0.280999988,20200328429005,718,0x8,0x4,21.6299992,26.2743015,0.0357283205,0.117305025,3.65503511e-05,30,1.028,2
1438,718208400000712,118245277,2458936.9569587708,58936.4527778,18.0502338,0.0343188085,0,zr,206.0255106,39.4715697,1.68799996,0.196999997,20200328452755,718,0x8,0x4,21.5400009,26.2317238,0.0311782733,0.119374953,2.77082472e-05,30,1.06099999,2
1439,718208400000712,118542324,2458939.9274083674,58939.4232407,18.114954,0.0358193144,0,zr,206.0255044,39.4715542,0.76700002,0.0930000022,20200331423218,718,0x8,0x4,20.8899994,25.8596764,0.0296676978,0.124133877,2.53917497e-05,30,1.03100002,1
1440,718208400000712,118643146,2458940.9356306675,58940.4314699,17.8102722,0.0294799283,32768,zr,206.0252093,39.4715521,0.654999971,0.0529999994,20200401431458,718,0x8,0x4,18.2299995,23.6740093,0.0705175251,0.077668339,0.000614073942,30,1.04400003,2
1441,718208400000712,118739226,2458941.8964215764,58941.3922685,18.0996399,0.035456229,32768,zr,206.0255003,39.4715623,1.61399996,0.118000001,20200402392106,718,0x8,0x4,21.0699997,25.6572952,0.0351073965,0.128742501,3.53623618e-05,30,1.01100004,2
1442,718208400000712,118741025,2458941.914407519,58941.4102546,18.0612583,0.0345681682,0,zr,206.0255178,39.4715452,1.745,0.0529999994,20200402410243,718,0x8,0x4,21.0200005,26.212986,0.0282787047,0.130598187,2.28710815e-05,30,1.023,2
1443,718208400000712,118742597,2458941.9301249785,58941.4259722,18.0611649,0.0345660299,0,zr,206.0255048,39.471556,1.67700005,0.112000003,20200402425949,718,0x8,0x4,21.1800003,26.2049961,0.0275394265,0.128515184,2.17447687e-05,30,1.04100001,1
1444,718208400000712,119037475,2458944.8788791974,58944.3747569,18.0754128,0.0348920263,0,zr,206.0255144,39.4715758,1.20000005,0.112999998,20200405374722,718,0x8,0x4,20.6800003,26.2209358,0.0333852358,0.127863154,3.19599458e-05,30,1.00800002,1
1445,718208400000712,119038612,2458944.8902448607,58944.3861227,18.0884247,0.0351935066,0,zr,206.0255474,39.4715434,0.978999972,0.131999999,20200405386088,718,0x8,0x4,20.5599995,26.2280006,0.029516058,0.120271862,2.54131046e-05,30,1.01199996,2
1446,718208400000712,120044484,2458954.9487924306,58954.4448495,18.0625324,0.0345971547,0,zr,206.0255186,39.4715563,1.36600006,0.162,20200415444838,718,0x8,0x4,21.0699997,26.2151985,0.028858576,0.125715628,2.39678666e-05,30,1.16299999,2
1447,718208400000712,120044578,2458954.949729908,58954.445787,18.1172047,0.0358731039,0,zr,206.0254841,39.4715619,1.84500003,0.115000002,20200415445764,718,0x8,0x4,20.9599991,26.198822,0.0275282189,0.132475644,2.18336336e-05,30,1.16600001,1
1448,718208400000712,120047459,2458954.97853711,58954.4745949,18.1110916,0.0357272588,0,zr,206.0255285,39.4715536,1.11099994,0.0610000007,20200415474595,718,0x8,0x4,20.9500008,26.1955662,0.0303757899,0.129756644,2.68887561e-05,30,1.28400004,2
1449,718208400000712,120142474,2458955.928664808,58955.4247454,18.0583191,0.0345014296,0,zr,206.0254828,39.4715555,1.22800004,0.119999997,20200416424745,718,0x8,0x4,21.1399994,26.2141266,0.0281535704,0.127615303,2.23508778e-05,30,1.11199999,2
1450,718208400000712,120830025,2458962.8039796166,58962.3002546,18.1626053,0.0369819142,0,zr,206.0254682,39.4715676,1.73000002,0.231000006,20200423300208,718,0x8,0x4,21.4799995,26.2624359,0.028265357,0.125380352,2.30518235e-05,30,1.01199996,1
1451,718208400000712,121130328,2458965.806911509,58965.303287,18.1646538,0.0370330103,0,zr,206.0254983,39.4715311,1.02199996,0.0960000008,20200426303287,718,0x8,0x4,21.5,26.3286095,0.0409481227,0.125254706,4.91218198e-05,30,1.00800002,1
1452,718208400000712,121436656,2458968.870075138,58968.3665625,18.0331459,0.0339372382,0,zr,206.0255333,39.4715608,1.76699996,0.180000007,20200429366562,718,0x8,0x4,21.7800007,26.3192501,0.0331726857,0.119976975,3.2314314e-05,30,1.06299996,1
1453,718208400000712,121636366,2458970.8671038137,58970.363669,18.0850983,0.0351160839,0,zr,206.0255367,39.4715711,1.88499999,0.169,20200501363669,718,0x8,0x4,21.4799995,26.3244553,0.0299683791,0.119458057,2.65436265e-05,30,1.06799996,3
1454,718208400000712,121736601,2458971.869412836,58971.3660185,18.0800209,0.0349983871,0,zr,206.0255569,39.4715768,1.30299997,0.142000005,20200502366019,718,0x8,0x4,21.1200008,26.2403698,0.0296478011,0.12293072,2.56359053e-05,30,1.07700002,1
1455,718208400000712,121736695,2458971.8703502985,58971.366956,18.0730171,0.0348369405,0,zr,206.0255433,39.471555,1.352,0.171000004,20200502366956,718,0x8,0x4,21.1000004,26.2852459,0.0280298349,0.119090572,2.2998338e-05,30,1.079,3
1456,718208400000712,121927645,2458973.7797729527,58973.2764583,18.0324783,0.0339224525,0,zr,206.0255182,39.4715545,1.68900001,0.195999995,20200504276458,718,0x8,0x4,20.7900009,26.2584343,0.0326004289,0.119449049,3.02243443e-05,30,1.00999999,3
1457,718208400000712,122027241,2458974.7756907963,58974.272419,18.1259403,0.0360829309,0,zr,206.0255048,39.4715325,1.24899995,0.173999995,20200505272326,718,0x8,0x4,20.6900005,26.2531147,0.0324095152,0.121568635,3.07632909e-05,30,1.00999999,1
1458,718208400000712,122027640,2458974.7796721244,58974.2764005,18.0678558,0.0347185992,0,zr,206.0254953,39.4715139,1.20799994,0.128000006,20200505276238,718,0x8,0x4,20.5100002,26.2469921,0.0339531153,0.129211441,3.37175879e-05,30,1.00899994,3
1459,718208400000712,122120658,2458975.709816384,58975.2065856,18.1321926,0.0362341367,0,zr,206.0255315,39.4715471,1.20299995,0.108999997,20200506206586,718,0x8,0x4,20.4099998,26.2344894,0.031244969,0.119281985,2.8554301e-05,30,1.08700001,3
1460,718208400000712,122225872,2458976.7619106094,58976.2587269,18.0996017,0.0354553275,0,zr,206.0255258,39.4715601,1.23800004,0.160999998,20200507258715,718,0x8,0x4,20.6200008,26.2925491,0.0330969431,0.123571195,3.1405245e-05,30,1.01400006,3
1461,718208400000712,122323616,2458977.7393081067,58977.236169,18.1698532,0.0371631682,32768,zr,206.0254439,39.4715632,0.822000027,0.125,20200508236157,718,0x8,0x4,19.0499992,25.2970428,0.0510098562,0.098034136,0.000144201229,30,1.02999997,1
1462,718208400000712,122326024,2458977.763381108,58977.2602431,18.1057549,0.0356005952,0,zr,206.0255073,39.4715005,0.843999982,0.0799999982,20200508260220,718,0x8,0x4,20.3600006,26.1623478,0.0363408104,0.123641543,3.89045235e-05,30,1.01199996,3
1463,718208400000712,122425762,2458978.7607189417,58978.2576273,18.0969486,0.0353929289,0,zr,206.0255149,39.4715366,1.84899998,0.239999995,20200509257581,718,0x8,0x4,21.1599998,26.295435,0.0297087878,0.112998985,2.60370089e-05,30,1.01199996,3
1464,718208400000712,122626518,2458980.7681810088,58980.2651852,18.1031952,0.0355400629,0,zr,206.0255017,39.4715531,2.18899989,0.231000006,20200511265185,718,0x8,0x4,21.7900009,26.3122425,0.0305377692,0.117584385,2.69081083e-05,30,1.00800002,1
1465,718208400000712,122626614,2458980.7691415623,58980.2661458,18.12117,0.0359681286,0,zr,206.02552,39.4715571,0.959999979,0.150999993,20200511266134,718,0x8,0x4,21.7800007,26.2992058,0.0326624364,0.122962981,3.05365211e-05,30,1.00800002,3
1466,718208400000712,122725556,2458981.7585144206,58981.2555671,18.1037483,0.035553135,0,zr,206.0255237,39.4715677,0.572000027,0.0299999993,20200512255532,718,0x8,0x4,21.2099991,26.2670002,0.0304426774,0.127332225,2.62532922e-05,30,1.00899994,3
1467,718208400000712,123330062,2458987.8032598817,58987.300625,18.0878773,0.0351807289,0,zr,206.0255346,39.4715466,2.06999993,0.203999996,20200518300625,718,0x8,0x4,21.8700008,26.3479786,0.0314650945,0.123501144,2.84367288e-05,30,1.04100001,3
1468,718208400000712,123724233,2458991.744754994,58991.242338,18.1652718,0.0370484628,0,zr,206.0254851,39.4715518,2.08200002,0.244000003,20200522242326,718,0x8,0x4,21.7299995,26.3182926,0.0518961996,0.113863342,7.83524883e-05,30,1.00800002,3
1469,718208400000712,123724326,2458991.7456808407,58991.2432639,18.0991669,0.0354450904,0,zr,206.0255253,39.4715729,2.23300004,0.215000004,20200522243264,718,0x8,0x4,21.7600002,26.3282166,0.0326787569,0.12243475,3.06256043e-05,30,1.00800002,1
1470,718208400000712,123825771,2458992.7600791,58992.2577199,18.1137943,0.0357916392,0,zr,206.0255229,39.4715666,1.80900002,0.182999998,20200523257674,718,0x8,0x4,21.7999992,26.2986832,0.0329868086,0.112314202,3.14486606e-05,30,1.01300001,3
1471,718208400000712,123927906,2458993.781362912,58993.2790625,18.1141434,0.0357999653,0,zr,206.0255362,39.4715591,1.477,0.166999996,20200524279062,718,0x8,0x4,21.5799999,26.2351627,0.0247742012,0.123428956,1.77846614e-05,30,1.03400004,3
1472,718208400000712,124029185,2458994.7940933886,58994.2918519,18.0731544,0.0348400846,0,zr,206.0255147,39.4715614,2.60800004,0.25,20200525291852,718,0x8,0x4,21.5100002,26.2434464,0.0295020249,0.129812434,2.53256312e-05,30,1.05599999,3
1473,718208400000712,124123341,2458995.7356005874,58995.2334144,18.1337547,0.0362720303,0,zr,206.0254676,39.4715509,2.47900009,0.207000002,20200526233380,718,0x8,0x4,21.5300007,26.2766151,0.0317372978,0.123275079,2.92170589e-05,30,1.00800002,3
1474,718208400000712,124229060,2458996.792725364,58996.2906019,18.1828861,0.0374920852,0,zr,206.0255133,39.4715418,1.98899996,0.308999985,20200527290556,718,0x8,0x4,21.6800003,26.3016357,0.0463665016,0.124789357,6.33230084e-05,30,1.06400001,3
1475,718208400000712,124325831,2458997.760375733,58997.2583102,18.0632782,0.0346141234,0,zr,206.0255379,39.4715397,1.95700002,0.207000002,20200528258310,718,0x8,0x4,21.7000008,26.2867489,0.0324503407,0.114638709,3.09348034e-05,30,1.02400005,1
1476,718208400000712,124325924,2458997.7613131786,58997.2592477,18.1229439,0.0360107571,0,zr,206.0255487,39.4715173,2.03299999,0.206,20200528259248,718,0x8,0x4,21.6399994,26.2953739,0.0284650587,0.118963055,2.41754678e-05,30,1.02499998,3
1477,718208400000712,124427712,2458998.77913358,58998.2771296,18.0959854,0.0353703126,0,zr,206.0255053,39.4715604,1.602,0.129999995,20200529277130,718,0x8,0x4,21.7099991,26.3033314,0.0362930521,0.110107578,3.82428188e-05,30,1.04999995,3
1478,718208400000712,124530777,2458999.809718963,58999.3077778,18.1710014,0.0371919833,0,zr,206.0255314,39.471583,1.36300004,0.0700000003,20200530307731,718,0x8,0x4,20.6200008,26.2313442,0.0283600036,0.122523084,2.36526703e-05,30,1.12,3
1479,718208400000712,124631916,2459000.821045716,59000.3191667,18.2318802,0.0387634113,32768,zr,206.0254997,39.4715879,0.56099999,0.00400000019,20200531319167,718,0x8,0x4,19.1900005,25.2398605,0.0510099009,0.126583248,0.000127329025,30,1.16299999,3
1480,718208400000712,124724870,2459001.7505252133,59001.2487037,18.1691322,0.0371450782,0,zr,206.0255305,39.4715537,1.10899997,0.170000002,20200601248704,718,0x8,0x4,20.7999992,26.1571198,0.0355571061,0.114380479,3.69884438e-05,30,1.02499998,3
1481,718208400000712,125025409,2459004.755730028,59004.2540972,18.2458553,0.0391363241,0,zr,206.0255093,39.4715453,1.26900005,0.186000004,20200604254086,718,0x8,0x4,20.6599998,26.2851677,0.0401543602,0.130258828,4.7455771e-05,30,1.04100001,3
1482,718208400000712,125025503,2459004.756667467,59004.2550347,18.157486,0.03685458,0,zr,206.0254994,39.4715498,0.643999994,0.0590000004,20200604255023,718,0x8,0x4,20.5100002,26.2858753,0.0303430986,0.129313156,2.68103195e-05,30,1.04200006,1
1483,718208400000712,125520479,2459009.7061058944,59009.2047917,18.0843201,0.0350980088,0,zr,206.0255011,39.4715695,1.53699994,-0.00600000005,20200609204757,718,0x8,0x4,20.7099991,26.2905598,0.0322456099,0.134614632,3.03208217e-05,30,1.01100004,3
1484,718208400000712,125520572,2459009.707043335,59009.2057292,18.1525764,0.0367330499,0,zr,206.0255149,39.471558,0.765999973,0.0149999997,20200609205718,718,0x8,0x4,20.8099995,26.2927418,0.0287813898,0.131491899,2.39868659e-05,30,1.01100004,1
1485,718208400000712,125823843,2459012.7395523586,59012.2384375,18.0868645,0.0351571701,0,zr,206.025531,39.4715485,1.81599998,0.144999996,20200612238437,718,0x8,0x4,21.7399998,26.3662434,0.0336084999,0.121119954,3.32015516e-05,30,1.04999995,1
1486,718208400000712,126223987,2459016.7407208937,59016.2398727,18.0830116,0.0350676626,0,zr,206.025503,39.4715339,1.98099995,0.188999996,20200616239873,718,0x8,0x4,21.2000008,26.1542988,0.027909914,0.126591563,2.29367488e-05,30,1.07099998,1
1487,718208400000712,126522003,2459019.720682191,59019.2200347,18.1152649,0.0358267501,0,zr,206.0255244,39.4715443,1.88199997,0.179000005,20200619220035,718,0x8,0x4,21.5699997,26.2983437,0.030056376,0.126076847,2.60870784e-05,30,1.051,1
1488,718208400000712,126822688,2459022.7273303447,59022.2268866,18.1533356,0.0367518142,0,zr,206.025469,39.4715288,1.398,0.130999997,20200622226887,718,0x8,0x4,21.4899998,26.3183689,0.0332862958,0.131908968,3.20026229e-05,30,1.07799995,1
1489,718208400000712,127422218,2459028.7222235454,59028.2221875,18.1264782,0.0360959023,0,zr,206.0255204,39.4715417,0.734000027,0.0879999995,20200628222188,718,0x8,0x4,21.0499992,26.2015667,0.0289757363,0.121189773,2.43190079e-05,30,1.10399997,1
1490,718208400000712,127721822,2459031.71806186,59031.2182292,18.164978,0.0370411053,0,zr,206.0255145,39.4715567,1.37899995,0.155000001,20200701218229,718,0x8,0x4,20.7999992,26.2092304,0.0280146264,0.11450202,2.27444525e-05,30,1.11500001,1
1491,718208400000712,128031912,2459034.818743433,59034.3191204,18.1938934,0.0377728641,0,zr,206.0254593,39.4715634,0.953999996,0.141000003,20200704319120,718,0x8,0x4,20.1499996,26.1658611,0.0425406098,0.138562024,5.25530522e-05,30,1.77499998,1
1492,718208400000712,128129806,2459035.7976242886,59035.2980671,18.1483574,0.0366290361,0,zr,206.0254865,39.4715538,0.778999984,0.0469999984,20200705298067,718,0x8,0x4,20.25,26.1698761,0.0373484194,0.137763023,4.14905517e-05,30,1.58500004,1
1493,718208400000712,128226356,2459036.763057222,59036.2635648,18.1846523,0.0375369377,0,zr,206.0255235,39.4715582,1.24699998,0.112999998,20200706263565,718,0x8,0x4,20.7199993,26.2432957,0.0305866897,0.112503521,2.76732426e-05,30,1.35300004,1
1494,718208400000712,128319604,2459037.695471753,59037.1960417,18.0779896,0.0349514559,0,zr,206.0255214,39.471564,1.48500001,0.0299999993,20200707196042,718,0x8,0x4,20.6299992,26.2320213,0.0294769611,0.129249379,2.52168065e-05,30,1.10000002,1
1495,718208400000712,128420262,2459038.7019901755,59038.2026273,18.1879387,0.0376206189,0,zr,206.0255293,39.4715479,1.59399998,0.145999998,20200708202627,718,0x8,0x4,21.2299995,26.2718792,0.0307326429,0.124458484,2.70302753e-05,30,1.12399995,1
1496,718208400000712,128523813,2459039.7374305804,59039.2381366,18.1019135,0.0355098099,0,zr,206.0255353,39.4715767,2.72000003,0.317999989,20200709238137,718,0x8,0x4,21.6399994,26.285181,0.0286324173,0.118392736,2.40049139e-05,30,1.26300001,1
1497,718208400000712,128723454,2459041.7337105586,59041.2345486,18.1214943,0.0359759219,0,zr,206.0255573,39.4715242,2.07999992,0.254000008,20200711234549,718,0x8,0x4,21.4599991,26.1611328,0.0282443818,0.117648259,2.37529312e-05,30,1.27199996,1
1498,718208400000712,128821538,2459042.7144794,59042.2153819,18.0422859,0.034140598,0,zr,206.0255019,39.4715488,1.95899999,0.174999997,20200712215370,718,0x8,0x4,21.6000004,26.2694702,0.0373136811,0.118009135,4.11676665e-05,30,1.20099998,1
1499,718208400000712,128924280,2459043.7418311583,59043.2428009,18.0986195,0.0354322195,0,zr,206.0255629,39.4715777,1.53499997,0.148000002,20200713242801,718,0x8,0x4,21.3700008,26.235323,0.0342986993,0.111869216,3.43662832e-05,30,1.34300005,1
1500,718208400000712,129219663,2459046.695470853,59046.1966319,18.1090927,0.0356797427,0,zr,206.0255206,39.4715372,2.06500006,0.213,20200716196632,718,0x8,0x4,21.4699993,26.3290367,0.0250707753,0.121117882,1.84989276e-05,30,1.17299998,1
1501,718208400000712,129419635,2459048.6950654294,59048.1963542,18.0644531,0.0346409045,0,zr,206.0255032,39.4715626,1.972,0.167999998,20200718196343,718,0x8,0x4,21.6499996,26.3154011,0.0264696125,0.107157104,2.03198433e-05,30,1.19099998,3
1502,718208400000712,129517532,2459049.6739734104,59049.1753241,18.0745525,0.034872245,0,zr,206.0255371,39.4715547,1.60300004,0.179000005,20200719175312,718,0x8,0x4,21.5,26.3188992,0.0310165416,0.116248183,2.83674253e-05,30,1.13199997,3
1503,718208400000712,129518159,2459049.6802461105,59049.1815972,18.0914192,0.0352633968,0,zr,206.0255256,39.4715221,1.89400005,0.241999999,20200719181597,718,0x8,0x4,21.5300007,26.3236465,0.0278092697,0.120042622,2.26107641e-05,30,1.14999998,1
1504,718208400000712,129626392,2459050.76250445,59050.2639236,18.1831779,0.037499465,0,zr,206.0255158,39.4715621,0.866999984,0.0670000017,20200720263924,718,0x8,0x4,20.7299995,26.2226639,0.0464702919,0.129123375,6.3458654e-05,30,1.64900005,3
1505,718208400000712,129720434,2459051.7028625547,59051.2043403,18.1159077,0.0358420946,0,zr,206.0255408,39.471539,1.32799995,0.103,20200721204340,718,0x8,0x4,21.0400009,26.2386379,0.029392831,0.126517728,2.54847891e-05,30,1.25800002,3
1506,718208400000712,129826847,2459052.76692853,59052.2684722,18.1349144,0.0363002196,0,zr,206.0254622,39.4715581,1.60000002,0.184,20200722268472,718,0x8,0x4,21.0799999,26.214735,0.0280645974,0.131373286,2.34773488e-05,30,1.75699997,3
1507,718208400000712,130019798,2459054.6963245063,59054.1979861,18.0837517,0.0350848362,0,zr,206.0255747,39.4715639,1.91499996,0.215000004,20200724197986,718,0x8,0x4,21.3600006,26.2731304,0.0269803461,0.11835812,2.15229047e-05,30,1.26699996,3
1508,718208400000712,130318380,2459057.681967628,59057.1838079,18.0587425,0.034511026,0,zr,206.0255438,39.4715444,1.66100001,0.156000003,20200727183773,718,0x8,0x4,21.3299999,26.2529984,0.0282648783,0.115167074,2.35382813e-05,30,1.24000001,3
1509,718208400000712,130517785,2459059.675902031,59059.1778588,18.0113697,0.033459641,0,zr,206.0255499,39.4715488,2.21000004,0.187999994,20200729177847,718,0x8,0x4,21.3299999,26.3092003,0.0286369063,0.116881222,2.43815466e-05,30,1.23699999,3
1510,718208400000712,130618598,2459060.683969035,59060.1859838,18.0217323,0.0336857252,0,zr,206.0255287,39.4715276,1.34500003,0.150000006,20200730185984,718,0x8,0x4,21.1700001,26.2862358,0.0293452907,0.114411488,2.55749128e-05,30,1.28799999,3
1511,718208400000712,130821495,2459062.712824129,59062.2149537,18.0633659,0.0346161276,0,zr,206.0254971,39.4715528,1.27199996,0.143999994,20200801214954,718,0x8,0x4,20.6399994,26.2211151,0.0329707786,0.119634882,3.23779605e-05,30,1.505,3
1512,718208400000712,130917318,2459063.6710000862,59063.1731829,18.1108742,0.0357220992,0,zr,206.0255463,39.4715569,1.25,0.158000007,20200802173183,718,0x8,0x4,20.8999996,26.2694702,0.0274342839,0.122085243,2.22246908e-05,30,1.26499999,3
1513,718208400000712,131116000,2459065.6577086807,59065.16,18.0494289,0.0343007036,0,zr,206.0255448,39.4715694,1.02400005,0.125,20200804159988,718,0x8,0x4,20.3600006,26.2699089,0.0321333855,0.126269653,3.06290713e-05,30,1.23099995,3
1514,718208400000712,131224584,2459066.743495349,59066.2458449,18.0943718,0.0353324674,0,zr,206.0255549,39.4715489,0.508000016,0.0219999999,20200805245845,718,0x8,0x4,20.1000004,26.1720352,0.037326172,0.133915216,4.13827402e-05,30,1.96200001,3
1515,718208400000712,131316523,2459067.6628334303,59067.1652315,18.1527824,0.0367381424,0,zr,206.0255071,39.4715565,1.13600004,0.115000002,20200806165231,718,0x8,0x4,21.3899994,26.3033447,0.0346998759,0.12285272,3.51560193e-05,30,1.27999997,3
1516,718208400000712,131426364,2459068.761190399,59068.2636458,18.0925388,0.0352895707,0,zr,206.0255971,39.4716112,0.953999996,0.0839999989,20200807263623,718,0x8,0x4,19.8500004,26.1556625,0.0480344705,0.138775304,6.92572066e-05,30,2.3900001,3
1517,718208400000712,131519537,2459069.6928671952,59069.1953704,18.043066,0.0341580249,0,zr,206.0254789,39.4715485,1.45099998,0.141000003,20200808195359,718,0x8,0x4,21.4300003,26.2515316,0.0289295837,0.119622461,2.46823729e-05,30,1.50100005,3
1518,718208400000712,131618556,2459070.683013759,59070.1855671,18.0478439,0.0342650786,0,zr,206.0255087,39.4715363,2.2980001,0.229000002,20200809185532,718,0x8,0x4,21.4099998,26.3095551,0.0345021412,0.115767986,3.49959337e-05,30,1.449,3
1519,718208400000712,131818680,2459072.684153223,59072.1868056,18.1039314,0.0355574749,0,zr,206.0255162,39.4715598,1.59800005,0.179000005,20200811186771,718,0x8,0x4,21.2000008,26.2194519,0.0283984449,0.120982021,2.36117157e-05,30,1.49899995,3
1520,718208400000712,131917317,2459073.6704712915,59073.1731713,18.1258888,0.0360816941,0,zr,206.0255223,39.4715563,1.23300004,0.137999997,20200812173171,718,0x8,0x4,21.1499996,26.2485523,0.0249521621,0.12217366,1.87130954e-05,30,1.41900003,3
1521,718208400000712,132017930,2459074.676557802,59074.1793056,18.1102505,0.0357072465,0,zr,206.0255224,39.4715285,1.18900001,0.194000006,20200813179294,718,0x8,0x4,21.1700001,26.1408882,0.0313512124,0.116676867,2.91146625e-05,30,1.48300004,3
1522,718208400000712,132122394,2459075.721150232,59075.2239468,18.089777,0.0352250375,0,zr,206.0254831,39.4715416,1.53400004,0.144999996,20200814223947,718,0x8,0x4,20.6200008,25.9980698,0.0291680172,0.140756667,2.4996385e-05,30,2.00300002,3
1523,718208400000712,132219754,2459076.694705178,59076.1975463,18.0494614,0.03430143,0,zr,206.0255286,39.4715405,1.85000002,0.185000002,20200815197546,718,0x8,0x4,21.1000004,26.0973396,0.0326992944,0.120570987,3.14883255e-05,30,1.69700003,3
1524,718208400000712,132316141,2459077.6585275745,59077.161412,18.1672192,0.0370971486,0,zr,206.0255172,39.4715245,1.57700002,0.252000004,20200816161412,718,0x8,0x4,20.6700001,25.8402176,0.034328524,0.125156641,3.45865228e-05,30,1.41400003,3
1525,718208400000712,132417289,2459078.6699644625,59078.1728935,18.1161003,0.0358467102,0,zr,206.0255437,39.4715506,1.66799998,0.182999998,20200817172882,718,0x8,0x4,21.2700005,26.1589127,0.0354010016,0.116818324,3.68030451e-05,30,1.51800001,3
1526,718208400000712,132520170,2459079.6987278964,59079.2017014,18.0852356,0.035119269,0,zr,206.0254985,39.471542,1.551,0.171000004,20200818201701,718,0x8,0x4,20.8400002,25.9891148,0.0381857529,0.127639711,4.33229725e-05,30,1.84200001,3
1527,718208400000712,132617447,2459080.671464585,59080.1744792,18.0099297,0.033428397,32768,zr,206.0254974,39.4715314,1.12100005,0.144999996,20200819174456,718,0x8,0x4,20.4799995,25.7152157,0.0332646705,0.130724415,3.27039706e-05,30,1.57799995,3
1528,718208400000712,132718342,2459081.6803695275,59081.1834259,18.091671,0.0352692753,0,zr,206.0255125,39.4715725,0.703999996,0.0839999989,20200820183426,718,0x8,0x4,20.6399994,25.8578548,0.0343834832,0.135332093,3.52145871e-05,30,1.69200003,3
1529,718208400000712,132818690,2459082.6838127407,59082.1869097,18.1303902,0.0361904576,0,zr,206.0255555,39.4715513,0.948000014,0.0379999988,20200821186875,718,0x8,0x4,20.1200008,25.7983494,0.0393796079,0.148011088,4.59692637e-05,30,1.76100004,3
1530,718208400000712,135212056,2459106.6168052265,59106.1205671,18.0672493,0.0347047225,32768,zr,206.0254913,39.4714579,1.22599995,-0.119999997,20200914120567,718,0x8,0x4,18.9699993,25.2301788,0.0486944504,0.14829351,0.000119407494,30,1.75199997,2
1531,718208400000712,135212526,2459106.621504255,59106.1252662,17.9302998,0.0317641646,32768,zr,206.0255421,39.471465,0.521000028,0.172999993,20200914125266,718,0x8,0x4,19.0100002,25.2483597,0.0575802773,0.153253987,0.000171797656,30,1.80799997,2
1532,718208400000712,135212996,2459106.6262032804,59106.1299653,17.9684067,0.0325451717,32768,zr,206.0254177,39.4715568,0.384000003,-0.00600000005,20200914129965,718,0x8,0x4,19.1000004,25.2395077,0.0519413166,0.173196182,0.000123440783,30,1.86899996,2
1533,718208400000712,135213466,2459106.630902306,59106.1346644,17.9552002,0.0322713479,32768,zr,206.0253984,39.4715703,0.801999986,-0.0329999998,20200914134664,718,0x8,0x4,19.0200005,25.1413689,0.04632359,0.171803981,0.000107513682,30,1.93400002,2
1534,718208400000712,135213935,2459106.635589728,59106.1393519,18.0478821,0.0342659354,32768,zr,206.0253549,39.4715271,0.675000012,-0.023,20200914139352,718,0x8,0x4,19.0400009,25.0980606,0.0570884459,0.156946331,0.000163791206,30,2.00399995,2
1535,718208400000712,135611682,2459110.6130169616,59110.1168287,18.1432533,0.0365037061,0,zr,206.0254751,39.4715405,0.698000014,0.0350000001,20200918116829,718,0x8,0x4,20.2199993,25.9888077,0.0424756557,0.128564119,5.09232486e-05,30,1.83899999,2
1536,718208400000712,135612152,2459110.6177160097,59110.1215278,18.1404877,0.0364360474,0,zr,206.0254904,39.4715385,1.21899998,0.0599999987,20200918121528,718,0x8,0x4,20.2000008,25.9450245,0.0396654382,0.140777677,4.48113497e-05,30,1.90199995,2
1537,718208400000712,135612622,2459110.6224150565,59110.1262269,18.0313759,0.0338980854,0,zr,206.0254764,39.4715262,0.414000005,-0.0160000008,20200918126227,718,0x8,0x4,20.2099991,25.934988,0.0410145745,0.14181383,4.71524545e-05,30,1.97000003,2
1538,718208400000712,135613093,2459110.6271256083,59110.1309375,18.0081444,0.0333897322,0,zr,206.0255564,39.471554,0.880999982,0.0370000005,20200918130926,718,0x8,0x4,20.2199993,25.9087925,0.0390995182,0.140158191,4.2775082e-05,30,2.04399991,2
1539,718208400000712,135613562,2459110.631813053,59110.135625,18.0213509,0.0336773656,0,zr,206.0254768,39.4715491,0.745000005,0.0199999996,20200918135625,718,0x8,0x4,20.1100006,25.8659973,0.0470271334,0.140052512,6.16905963e-05,30,2.12299991,2
1540,718208400000712,135811366,2459112.609839329,59112.113669,18.159626,0.0369077586,0,zr,206.025495,39.4715526,0.728999972,0.158999994,20200920113669,718,0x8,0x4,20.2399998,26.2003059,0.0446778983,0.120912254,5.63070316e-05,30,1.87,2
1541,718208400000712,135811839,2459112.6145614902,59112.1183912,18.0439472,0.034177728,0,zr,206.025541,39.4715553,1.21700001,0.136999995,20200920118391,718,0x8,0x4,20.6100006,26.1516762,0.0377069674,0.125864089,3.94637173e-05,30,1.93499994,2
1542,718208400000712,135812312,2459112.6192952488,59112.123125,18.0990925,0.0354433209,0,zr,206.0255261,39.4715712,1.78999996,0.197999999,20200920123125,718,0x8,0x4,20.7900009,26.1277905,0.0400449485,0.126210794,4.44940233e-05,30,2.00699997,2
1543,718208400000712,135812784,2459112.6240174067,59112.1278472,18.141655,0.0364645794,0,zr,206.0255206,39.4715668,2.00399995,0.164000005,20200920127847,718,0x8,0x4,20.8799992,26.1223145,0.0348000154,0.127342597,3.38590362e-05,30,2.08299994,2
1544,718208400000712,135813259,2459112.6287627635,59112.1325926,18.0465164,0.0342352726,0,zr,206.0255183,39.4715408,1.34399998,0.185000002,20200920132581,718,0x8,0x4,20.8500004,26.1252251,0.0320698991,0.127168775,2.90065873e-05,30,2.16700006,2
1545,718208400000712,136011224,2459114.608402482,59114.1122454,18.2362041,0.0388782956,0,zr,206.0255826,39.4716085,1.01699996,0.179000005,20200922112234,718,0x8,0x4,19.3700008,25.9988461,0.0474442467,0.132832348,7.52821506e-05,30,1.92499995,2
1546,718208400000712,136011693,2459114.6130899475,59114.1169329,18.1419334,0.0364714041,0,zr,206.0254751,39.471597,0.26699999,-0.00400000019,20200922116921,718,0x8,0x4,19.9099998,25.962532,0.0418186411,0.129126102,5.01259055e-05,30,1.995,2
1547,718208400000712,136012162,2459114.6177774146,59114.1216204,18.133812,0.0362734199,0,zr,206.0254946,39.4715346,1.09000003,0.0939999968,20200922121609,718,0x8,0x4,20.1700001,25.9493351,0.0447638892,0.133904189,5.83560359e-05,30,2.06999993,2
1548,718208400000712,136012630,2459114.6224648845,59114.1263079,18.0901356,0.0352334119,0,zr,206.025523,39.4715203,1.24600005,0.138999999,20200922126296,718,0x8,0x4,20.0599995,25.942606,0.0417267531,0.124252163,5.01133109e-05,30,2.15199995,2
1549,718208400000712,136013098,2459114.6271407534,59114.1309838,17.9682674,0.0325422585,32768,zr,206.025421,39.4715745,0.418000013,-0.0170000009,20200922130972,718,0x8,0x4,19.8400002,25.908741,0.080659166,0.120236881,0.0001892031,30,2.24099994,2
1550,718208400000712,136211068,2459116.6068314333,59116.1106829,18.1865692,0.0375857167,0,zr,206.0254948,39.471571,0.317999989,-0.00300000003,20200924110671,718,0x8,0x4,19.6800003,25.8354912,0.0463171564,0.136952385,7.02433172e-05,30,1.98300004,2
1551,718208400000712,136211537,2459116.6115189167,59116.1153704,18.1095238,0.0356899947,0,zr,206.0255625,39.4715737,0.414999992,0.0189999994,20200924115359,718,0x8,0x4,20.0499992,25.7953262,0.043942403,0.148943231,5.89000701e-05,30,2.05699992,2
1552,718208400000712,136212005,2459116.6162063945,59116.1200579,18.1607742,0.0369363092,0,zr,206.0255248,39.4715475,1.65600002,0.243000001,20200924120046,718,0x8,0x4,20.1700001,25.7435207,0.0559624843,0.138460666,9.45280117e-05,30,2.13800001,2
1553,718208400000712,136212473,2459116.6208822737,59116.1247338,18.1530914,0.0367457755,0,zr,206.0254952,39.471532,1.17999995,0.131999999,20200924124722,718,0x8,0x4,20.0499992,25.6678696,0.0440655611,0.150279164,5.82433204e-05,30,2.2249999,2
1554,718208400000712,136212942,2459116.6255697613,59116.1294213,18.0672646,0.0347050764,0,zr,206.0255481,39.4716152,0.925000012,0.0280000009,20200924129421,718,0x8,0x4,20.0900002,25.6382141,0.0365951508,0.134191871,4.13412927e-05,30,2.3210001,2
1555,718208400000712,136410953,2459118.6056817025,59118.109537,18.1010704,0.0354899317,0,zr,206.0254813,39.4715805,0.768999994,-0.104999997,20200926109537,718,0x8,0x4,19.3500004,26.1268864,0.0461549275,0.146106541,7.65876393e-05,30,2.05100012,2
1556,718208400000712,136411424,2459118.610392391,59118.1142477,18.1021385,0.0355151221,0,zr,206.025476,39.4715274,0.49000001,-0.0209999997,20200926114248,718,0x8,0x4,19.7900009,26.1167488,0.0426116511,0.134043768,5.49014439e-05,30,2.13199997,2
1557,718208400000712,136411894,2459118.6150914845,59118.1189468,18.085844,0.0351334326,0,zr,206.0254804,39.47155,0.625999987,0.0309999995,20200926118947,718,0x8,0x4,19.9099998,26.106369,0.0432265326,0.149372429,5.52093516e-05,30,2.2190001,2
1558,718208400000712,136412364,2459118.619790479,59118.1236458,18.1011124,0.0354909189,0,zr,206.0255288,39.4715695,0.939999998,0.103,20200926123646,718,0x8,0x4,19.9799995,26.1096249,0.0444598235,0.135479555,5.81272943e-05,30,2.31399989,2
1559,718208400000712,136412835,2459118.6245011734,59118.1283565,18.1336956,0.0362706184,0,zr,206.025558,39.4715896,0.808000028,0.101999998,20200926128356,718,0x8,0x4,20.2000008,26.0852299,0.0401348546,0.138319254,4.7491616e-05,30,2.41799998,2
1560,718208400000712,136610846,2459120.604606181,59120.1084606,18.1580811,0.0368693769,0,zr,206.0254507,39.4714948,0.312000006,0.050999999,20200928108449,718,0x8,0x4,19.5,26.0858841,0.0452579297,0.132996291,6.55892582e-05,30,2.12599993,2
1561,718208400000712,136611318,2459120.6093284856,59120.1131829,17.8942032,0.0310496874,0,zr,206.0254069,39.471537,0.569000006,0.0820000023,20200928113183,718,0x8,0x4,19.8600006,26.0843678,0.0407675616,0.137929648,4.95820095e-05,30,2.21300006,2
1562,718208400000712,136611791,2459120.6140622958,59120.1179167,18.0820217,0.0350446999,0,zr,206.0255385,39.471583,0.521000028,-0.00600000005,20200928117917,718,0x8,0x4,19.9200001,26.0533657,0.0408099964,0.135247588,4.93954394e-05,30,2.30800009,2
1563,718208400000712,136612265,2459120.6187961004,59120.1226505,18.027832,0.0338198245,0,zr,206.0254941,39.4716393,0.74000001,-0.00200000009,20200928122650,718,0x8,0x4,19.6000004,26.0285282,0.0573811047,0.13767308,0.00010083153,30,2.41199994,2
1564,718208400000712,136810402,2459122.600178973,59122.1040278,18.1278839,0.0361298285,32768,zr,206.0255256,39.4715154,0.418000013,0.0280000009,20200930104028,718,0x8,0x4,18.9400005,25.9508553,0.0830076188,0.150078118,0.000331386895,30,2.14400005,2
1565,718208400000712,136810876,2459122.604912794,59122.1087616,18.0063705,0.0333513655,32768,zr,206.0255661,39.4716106,0.630999982,0.0920000002,20200930108762,718,0x8,0x4,19.3400002,25.9723663,0.064138703,0.116253905,0.000146822465,30,2.23300004,2
1566,718208400000712,136811349,2459122.6096466035,59122.1134954,18.1437988,0.0365170836,32768,zr,206.0255707,39.4715355,0.676999986,-0.0719999969,20200930113495,718,0x8,0x4,19.4500008,25.9536629,0.0674460977,0.119234979,0.00015316045,30,2.33100009,2
1567,718208400000712,136812296,2459122.619114228,59122.122963,18.0841751,0.0350946561,0,zr,206.025417,39.4715337,0.601999998,0.0599999987,20200930122963,718,0x8,0x4,19.5599995,25.9079742,0.0633909777,0.1357968,0.000133731985,30,2.55299997,2
1568,718208400000712,142655432,2459181.0525615294,59180.5543287,17.9157181,0.0314726122,0,zr,206.0254871,39.4715088,0.823000014,0.0430000015,20201127554329,718,0x8,0x4,19.6800003,26.2579327,0.0444081351,0.120640345,5.82798893e-05,30,1.48000002,1
1569,718208400000712,143051702,2459185.015506274,59184.5170255,18.0846634,0.0351059772,0,zr,206.0255284,39.4715858,0.68900001,0.0710000023,20201201517025,718,0x8,0x4,20.5400009,26.2454529,0.038266588,0.128498748,4.20409087e-05,30,1.722,1
1570,718208400000712,143451631,2459189.0150587293,59188.5163194,18.0895939,0.0352207497,0,zr,206.0255456,39.4715527,0.95599997,0.147,20201205516319,718,0x8,0x4,20.7600002,26.2774887,0.0311832,0.117365792,2.77685813e-05,30,1.61699998,1
1571,718208400000712,143953136,2459194.0304392446,59193.5313657,18.0453072,0.0342081785,0,zr,206.0255208,39.4715494,1.21200001,0.171000004,20201210531366,718,0x8,0x4,21.2999992,26.2851944,0.0270150919,0.126223072,2.07745852e-05,30,1.39300001,1
1572,718208400000712,144151859,2459196.017808019,59195.5185995,18.0223579,0.0336994529,0,zr,206.0257132,39.4715359,1.19200003,-0.0179999992,20201212518600,718,0x8,0x4,19.8500004,26.0931873,0.0383586362,0.126618579,4.27388404e-05,30,1.44200003,1
1573,718208400000712,144449511,2459198.994528609,59198.4951157,18.0379124,0.0340430811,0,zr,206.0254765,39.471543,1.19099998,0.0430000015,20201215495104,718,0x8,0x4,20.6700001,26.2505398,0.0396422707,0.129392043,4.48253959e-05,30,1.56200004,1
1574,718208400000712,144654792,2459201.047483369,59200.5479282,18.027483,0.0338121243,0,zr,206.0255185,39.471581,1.68900001,0.187000006,20201217547928,718,0x8,0x4,21.0400009,25.920393,0.0292073824,0.119804472,2.44166586e-05,30,1.21200001,1
1575,718208400000712,144951319,2459204.012956333,59203.5131944,17.9839287,0.0328713581,0,zr,206.0254976,39.471591,1.29999995,0.0329999998,20201220513194,718,0x8,0x4,20.2399998,26.2759285,0.0350613818,0.121053241,3.55257798e-05,30,1.33800006,1
1576,718208400000712,146154991,2459216.0505254813,59215.549919,17.9800472,0.0327893458,0,zr,206.025506,39.4715855,1.07500005,-0.0370000005,20210101549919,718,0x8,0x4,19.9899998,26.2806511,0.0391130783,0.121380314,4.3791897e-05,30,1.08399999,1
1577,718208400000712,146348627,2459217.987014572,59217.4862731,18.0767479,0.0349227935,0,zr,206.0255102,39.4715672,0.698000014,0.0839999989,20210103486273,718,0x8,0x4,21.0400009,26.3004761,0.0311427508,0.108537391,2.74184349e-05,30,1.27900004,1
1578,718208400000712,146548618,2459219.9870608603,59219.4861806,18.0879822,0.0351831801,0,zr,206.02551,39.471545,0.864000022,0.0780000016,20210105486181,718,0x8,0x4,20.8700008,26.272871,0.0302807204,0.123807281,2.6437905e-05,30,1.25399995,1
1579,718208400000712,146753026,2459222.0312874573,59221.5302662,18.0011292,0.0332383625,0,zr,206.0255393,39.4715474,1.52600002,0.191,20210107530266,718,0x8,0x4,20.7800007,25.9961109,0.0367517546,0.118778773,3.91888934e-05,30,1.09099996,1
1580,718208400000712,146950424,2459224.005404073,59223.5042477,18.0003242,0.0332210585,0,zr,206.0254687,39.47156,0.61500001,0.00899999961,20210109504248,718,0x8,0x4,20.4699993,26.2833614,0.0289019793,0.117672384,2.4346049e-05,30,1.14600003,1
1581,718208400000712,147151098,2459226.012276356,59225.5109838,17.8842278,0.0308564901,32768,zr,206.0251188,39.4713916,1.13800001,0.542999983,20210111510984,718,0x8,0x4,18.3799992,25.0982914,0.0482221656,0.137004837,0.000205078395,30,1.11099994,1
1582,718208400000712,147350780,2459228.0092275287,59227.5078009,18.0616646,0.0345774144,0,zr,206.0255306,39.4715627,1.08500004,0.115000002,20210113507789,718,0x8,0x4,21.2199993,26.1825733,0.0279040821,0.119663656,2.26928296e-05,30,1.10599995,1
1583,718208400000712,147552944,2459230.0310052084,59229.5294444,17.9867687,0.0329315364,0,zr,206.0255159,39.4715701,0.68900001,0.0219999999,20210115529433,718,0x8,0x4,20.5400009,26.2970219,0.030905297,0.125782117,2.76733645e-05,30,1.051,1
1584,718208400000712,147748773,2459231.9894205565,59231.4877315,18.0409203,0.0341100991,0,zr,206.0255211,39.4715544,1.91499996,0.145999998,20210117487732,718,0x8,0x4,21.7600002,26.3233261,0.0278380606,0.111880891,2.26192315e-05,30,1.13,1
1585,718208400000712,147949475,2459233.9965755166,59233.4947569,18.0100842,0.0334317572,0,zr,206.0255242,39.4715535,1.01400006,0.115000002,20210119494745,718,0x8,0x4,21.6800003,26.3252697,0.0341223925,0.118417673,3.35426994e-05,30,1.09800005,1
1586,718208400000712,149548738,2459249.990148728,59249.4873843,18.0647392,0.0346474312,0,zr,206.0255305,39.4715638,1.14199996,0.0939999968,20210204487384,718,0x8,0x4,21.0200005,26.3135777,0.0284880977,0.121707395,2.32889688e-05,30,1.03400004,1
1587,718208400000712,149746984,2459251.9727184204,59251.4698495,18.0426693,0.0341491476,0,zr,206.0255227,39.4715741,1.54900002,0.158000007,20210206469850,718,0x8,0x4,21.5100002,26.34552,0.0274226014,0.118136927,2.14104384e-05,30,1.051,1
1588,718208400000712,149949370,2459253.9966759435,59253.4937037,18.0567627,0.0344661847,0,zr,206.0255341,39.4715635,1.63199997,0.152999997,20210208493704,718,0x8,0x4,21.7199993,26.3425884,0.0390820093,0.117187425,4.40181466e-05,30,1.01800001,1
1589,718208400000712,150142600,2459255.929074472,59255.4260069,18.072464,0.0348242335,0,zr,206.0255307,39.4715616,1.49699998,0.211999997,20210210426007,718,0x8,0x4,21.9300003,26.3633308,0.029981574,0.112212323,2.60004908e-05,30,1.11899996,1
1590,718208400000712,150849539,2459262.9987806547,59262.4953935,18.0552711,0.0344324186,0,zr,206.0255419,39.4715773,1.19599998,0.107000001,20210217495312,718,0x8,0x4,21.3700008,26.3018227,0.0263999794,0.12413428,2.01342336e-05,30,1.00800002,1
1591,718208400000712,151051848,2459265.0219534845,59264.5184838,18.0138588,0.0335137509,0,zr,206.0255269,39.471581,2.26799989,0.238999993,20210219518484,718,0x8,0x4,21.5799999,26.337265,0.0284043457,0.122121021,2.29571324e-05,30,1.01800001,1
1592,718208400000712,151236457,2459266.868113152,59266.3645718,17.9414902,0.031990625,0,zr,206.0254526,39.4715392,0.86500001,0.0130000003,20210221364514,718,0x8,0x4,20.1200008,26.2756844,0.0344670936,0.12612474,3.41554878e-05,30,1.22500002,1
1593,718208400000712,151446717,2459268.970794659,59268.4671759,18.0506783,0.0343288183,0,zr,206.0255175,39.4715642,1.477,0.126000002,20210223467164,718,0x8,0x4,21.2099991,26.2728291,0.0270978399,0.123749204,2.11958595e-05,30,1.00999999,1
1594,718208400000712,151634297,2459270.846658325,59270.3429745,18.1136131,0.0357873142,0,zr,206.0254843,39.4715658,0.558000028,0.0540000014,20210225342975,718,0x8,0x4,20.4400005,26.2789288,0.0366233587,0.120723724,3.88077024e-05,30,1.27199996,1
1595,718208400000712,151845171,2459272.9554655817,59272.451713,18.1033611,0.0355439745,0,zr,206.0254884,39.4715776,0.626999974,0.0419999994,20210227451713,718,0x8,0x4,20.1800003,26.2933044,0.0361160487,0.125467658,3.75325762e-05,30,1.01199996,1
1596,718208400000712,152040353,2459274.90734198,59274.4035301,17.8826828,0.0308267381,0,zr,206.0255196,39.4716181,1.07200003,-0.0260000005,20210301403530,718,0x8,0x4,19.6499996,26.2935638,0.0463923663,0.125087708,6.32014999e-05,30,1.05599999,1
1597,718208400000712,152140156,2459275.9054030934,59275.4015625,18.0433006,0.0341632776,0,zr,206.0255468,39.4715586,0.899999976,0.108000003,20210302401562,718,0x8,0x4,20.7199993,26.2953987,0.0294676013,0.126639649,2.51287729e-05,30,1.05499995,3
1598,718208400000712,152238754,2459276.8914141757,59276.3875463,18.0420475,0.0341352746,0,zr,206.0255281,39.4715565,0.819000006,0.0879999995,20210303387419,718,0x8,0x4,21.0300007,26.3070126,0.0270871297,0.120563842,2.13060539e-05,30,1.07599998,1
1599,718208400000712,152239178,2459276.8956503915,59276.3917824,18.089222,0.0352120735,0,zr,206.0255237,39.471564,1.079,0.115000002,20210303391782,718,0x8,0x4,20.9400005,26.3081112,0.0275054816,0.115124725,2.18178084e-05,30,1.06700003,3
1600,718208400000712,152445017,2459278.954095047,59278.4501736,18.0165558,0.033572536,0,zr,206.0255107,39.4715743,0.674000025,0.0280000009,20210305450139,718,0x8,0x4,20.9799995,26.2972279,0.0311017502,0.129742175,2.77770523e-05,30,1.00800002,3
1601,718208400000712,152643302,2459280.936989192,59280.4330208,18.0769768,0.034928076,0,zr,206.0255337,39.4715652,0.805999994,0.0579999983,20210307433021,718,0x8,0x4,20.7900009,26.1899834,0.0279713813,0.125239477,2.25251933e-05,30,1.01100004,1
1602,718208400000712,152643395,2459280.9379267124,59280.4339583,18.0451736,0.0342051908,0,zr,206.025521,39.4715911,1.37100005,0.119000003,20210307433958,718,0x8,0x4,21.2000008,26.2172089,0.0276104622,0.1241346,2.18616351e-05,30,1.00999999,3
1603,718208400000712,152726275,2459281.766741215,59281.2627546,17.9757957,0.0326998755,0,zr,206.0255087,39.4715722,1.53699994,0.00800000038,20210308262743,718,0x8,0x4,20.6900005,26.1978188,0.0367055424,0.122561678,3.86701468e-05,30,1.61399996,3
1604,718208400000712,153637006,2459290.874204041,59290.3700694,17.9995403,0.0332042091,0,zr,206.0255219,39.4715532,1.60099995,0.115999997,20210317370069,718,0x8,0x4,21.7900009,26.3421116,0.0300027095,0.115973987,2.60302895e-05,30,1.04100001,3
1605,718208400000712,153737052,2459291.8746656924,59291.3705208,18.0288887,0.033843115,0,zr,206.0254949,39.4715651,1.801,0.170000002,20210318370509,718,0x8,0x4,21.6000004,26.2195892,0.0304102264,0.120206155,2.64318223e-05,30,1.03699994,1
1606,718208400000712,153837001,2459292.8741655378,59292.3700116,17.9922676,0.0330485441,0,zr,206.0255223,39.4715562,1.72599995,0.156000003,20210319370000,718,0x8,0x4,21.7000008,26.3300667,0.0288717803,0.116259001,2.39983747e-05,30,1.03400004,3
1607,718208400000712,153925810,2459293.762262815,59293.2581019,18.0312996,0.0338963941,0,zr,206.0254985,39.4715643,1.29400003,0.115999997,20210320258079,718,0x8,0x4,21.1700001,26.2794132,0.0254725795,0.124392055,1.89701968e-05,30,1.39499998,1
1608,718208400000712,153925903,2459293.7632003226,59293.2590394,17.9691315,0.0325602964,0,zr,206.0255023,39.4715632,1.65600002,0.201000005,20210320259039,718,0x8,0x4,21.3899994,26.2942886,0.0308239106,0.120705344,2.76196097e-05,30,1.38900006,3
1609,718208400000712,154141561,2459295.919787532,59295.4156134,18.0267086,0.0337950513,0,zr,206.0255491,39.4715646,1.49199998,0.112000003,20210322415602,718,0x8,0x4,21.2299995,26.2593479,0.0290126372,0.124771304,2.43400791e-05,30,1.00899994,3
1610,718208400000712,154238895,2459296.8931365474,59296.3889583,17.8883286,0.0309356879,0,zr,206.0255654,39.4715599,1.29400003,0.0199999996,20210323388924,718,0x8,0x4,19.7800007,26.2136898,0.0376164094,0.130277902,4.0587518e-05,30,1.01100004,3
1611,718208400000712,154238989,2459296.8940740493,59296.3898958,17.9614754,0.0324010402,0,zr,206.0255462,39.4715973,1.079,0.0879999995,20210323389896,718,0x8,0x4,20.0200005,26.2228088,0.0370019637,0.132086486,3.88585031e-05,30,1.01100004,1
1612,718208400000712,154645868,2459300.9628638006,59300.4586806,17.9982414,0.0331763178,0,zr,206.0254571,39.4715446,0.550000012,0.0399999991,20210327458681,718,0x8,0x4,19.8099995,26.2690525,0.0396160185,0.115649946,4.49858235e-05,30,1.06500006,1
1613,718208400000712,154840076,2459302.9049425507,59302.4007639,18.0590096,0.0345170833,0,zr,206.0255057,39.4715389,1.71200001,0.184,20210329400671,718,0x8,0x4,20.5799999,26.2750454,0.0301387794,0.109936476,2.63855745e-05,30,1.00999999,1
1614,718208400000712,155036016,2459304.864331519,59304.360162,17.9841175,0.0328753404,0,zr,206.0256039,39.471603,1.06799996,-0.0160000008,20210331360104,718,0x8,0x4,19.6800003,26.2541256,0.0469008647,0.127210051,6.43450549e-05,30,1.01400006,1
1615,718208400000712,155335228,2459307.85642695,59307.3522801,18.010561,0.0334421061,0,zr,206.0255138,39.4715485,1.47399998,0.173999995,20210403352280,718,0x8,0x4,21.6000004,26.3176212,0.0270557031,0.11678192,2.11368897e-05,30,1.01400006,1
1616,718208400000712,155528207,2459309.7861984214,59309.2820718,18.016964,0.0335814282,0,zr,206.0255185,39.4715504,1.05299997,0.123999998,20210405282072,718,0x8,0x4,21.6200008,26.2903233,0.0288203862,0.122349635,2.4065248e-05,30,1.11000001,1
1617,718208400000712,155732034,2459311.8244477552,59311.3203472,17.974659,0.0326759927,0,zr,206.0255236,39.4715654,1.30599999,0.118000001,20210407320336,718,0x8,0x4,21.7399998,26.3347759,0.0274718255,0.113205455,2.17289944e-05,30,1.03199995,1
1618,718208400000712,155930937,2459313.8134454447,59313.309375,18.0184441,0.0336137675,0,zr,206.0255129,39.4715454,1.97000003,0.147,20210409309375,718,0x8,0x4,21.4400005,26.1724987,0.0276046582,0.116580933,2.21383907e-05,30,1.03799999,2
1619,718208400000712,155934913,2459313.8532017,59313.3491319,17.9994621,0.0332025178,0,zr,206.0255315,39.4715619,1.42299998,0.130999997,20210409349132,718,0x8,0x4,21.4699993,26.3094635,0.0262622517,0.121642619,1.98503167e-05,30,1.00899994,1
1620,718208400000712,155943146,2459313.935538328,59313.4314699,18.0316887,0.033904992,32768,zr,206.025565,39.4715854,0.931999981,0.107000001,20210409431470,718,0x8,0x4,20.5799999,25.6216583,0.031809561,0.115170285,2.90831031e-05,30,1.08200002,2
1621,718208400000712,156028734,2459314.791403456,59314.2873495,17.971447,0.0326087065,0,zr,206.0255462,39.471561,1.50300002,0.125,20210410287350,718,0x8,0x4,21.7800007,26.3477249,0.0247955713,0.112969875,1.77538695e-05,30,1.06900001,2
1622,718208400000712,156044896,2459314.9530210053,59314.4489699,18.0005608,0.0332261324,0,zr,206.0255446,39.4715481,1.66299999,0.148000002,20210410448924,718,0x8,0x4,21.5300007,26.3097,0.0243576448,0.113795541,1.72921318e-05,30,1.13100004,2
1623,718208400000712,156125961,2459315.763654576,59315.2596181,18.1741009,0.0372699387,32768,zr,206.0254426,39.4715155,0.792999983,0.0590000004,20210411259618,718,0x8,0x4,19.6700001,24.5243073,0.0555822663,0.135842428,0.00010862988,30,1.12600005,1
1624,718208400000712,156126527,2459315.769314168,59315.2652778,18.1426334,0.0364885293,32768,zr,206.025558,39.4715762,1.33500004,0.194000006,20210411265081,718,0x8,0x4,20.3799992,25.0018692,0.0419845581,0.115781091,5.17101435e-05,30,1.11099994,2
1625,718208400000712,156230270,2459316.806724842,59316.3027083,18.0316544,0.0339042209,0,zr,206.0255103,39.4715422,1.99399996,0.115000002,20210412302708,718,0x8,0x4,21.6000004,26.3118877,0.0250711255,0.124064989,1.8187995e-05,30,1.03600001,2
1626,718208400000712,156240967,2459316.9136903146,59316.4096759,17.9796295,0.0327805541,0,zr,206.0255317,39.4715669,1.14499998,0.104000002,20210412409676,718,0x8,0x4,21.7099991,26.3277435,0.0363304578,0.119521283,3.83478073e-05,30,1.05599999,2
1627,718208400000712,156332450,2459317.8284981046,59317.3245023,18.0771484,0.0349320322,0,zr,206.0255222,39.4716012,0.800000012,0.023,20210413324456,718,0x8,0x4,21.3600006,26.2762604,0.0286763348,0.132089674,2.36105079e-05,30,1.01400006,2
1628,718208400000712,156340908,2459317.9130796227,59317.4090856,18.0363083,0.034007404,0,zr,206.0255212,39.4715654,2.55100012,0.248999998,20210413409086,718,0x8,0x4,21.7199993,26.3132439,0.0339890495,0.129228801,3.30597904e-05,30,1.05999994,1
1629,718208400000712,156342210,2459317.926100244,59317.4221065,18.0274563,0.0338115469,0,zr,206.0255333,39.4715608,1.39699996,0.112999998,20210413422060,718,0x8,0x4,21.5499992,26.2904968,0.0262722522,0.116854735,2.00421782e-05,30,1.08500004,2
1630,718208400000712,156536252,2459319.866474037,59319.3625231,17.9941902,0.0330896005,0,zr,206.0255112,39.471583,1.38900006,0.00899999961,20210415362431,718,0x8,0x4,21.0100002,26.276844,0.0274413452,0.122189119,2.19877202e-05,30,1.01400006,2
1631,718208400000712,156647549,2459320.9794221246,59320.4754977,18.1234951,0.036024034,32768,zr,206.0255275,39.4715793,1.37699997,0.108999997,20210416475498,718,0x8,0x4,21.0599995,25.994318,0.040944498,0.121485732,4.79066402e-05,30,1.29799998,2
1632,718208400000712,156728140,2459321.7853049776,59321.2814005,18.0275612,0.0338138603,0,zr,206.0255172,39.4715549,1.824,0.164000005,20210417281400,718,0x8,0x4,21.7399998,26.296526,0.0254476964,0.115595445,1.84930577e-05,30,1.04700005,2
1633,718208400000712,156740561,2459321.909514716,59321.4056134,18.0431843,0.0341606587,0,zr,206.0255032,39.4715788,0.910000026,0.0970000029,20210417405567,718,0x8,0x4,21.7600002,26.2720871,0.0400726832,0.121727124,4.59982548e-05,30,1.07299995,2
1634,718208400000712,156740655,2459321.9104521926,59321.4065509,17.9645157,0.0324641392,0,zr,206.0255268,39.471565,1.63999999,0.125,20210417406551,718,0x8,0x4,21.7700005,26.3024368,0.0300126169,0.114916295,2.60226516e-05,30,1.07500005,1
1635,718208400000712,156825585,2459322.7597358325,59322.2558565,18.0602226,0.0345446318,0,zr,206.0255375,39.4715591,1.25199997,0.129999995,20210418255856,718,0x8,0x4,21.3600006,26.2654171,0.0272048581,0.117566116,2.1358901e-05,30,1.08800006,2
1636,718208400000712,156829946,2459322.803345796,59322.2994676,17.9874306,0.0329456106,0,zr,206.0255276,39.4715569,1.99300003,0.179000005,20210418299468,718,0x8,0x4,21.6000004,26.2905617,0.0288306978,0.114041105,2.3827175e-05,30,1.023,2
1637,718208400000712,156932709,2459323.8309454275,59323.3270949,18.0018291,0.0332534164,0,zr,206.0255253,39.4715549,1.29400003,0.131999999,20210419327095,718,0x8,0x4,21.3899994,26.2857227,0.0271513332,0.1226082,2.13368257e-05,30,1.00800002,2
1638,718208400000712,156936789,2459323.871742898,59323.3678935,18.0378151,0.0340409093,0,zr,206.0255359,39.4715649,1.83800006,0.203999996,20210419367894,718,0x8,0x4,21.5400009,26.2858696,0.025776634,0.122083791,1.91269919e-05,30,1.02600002,2
1639,718208400000712,156936883,2459323.872680372,59323.368831,18.068821,0.0347406901,0,zr,206.0255326,39.47157,1.51699996,0.150000006,20210419368831,718,0x8,0x4,21.4899998,26.3228569,0.0329333507,0.12542209,3.09056923e-05,30,1.02699995,1
1640,718208400000712,157023129,2459324.7351215207,59324.2312963,18.0510139,0.034336362,0,zr,206.0254837,39.4715527,1.028,0.0250000004,20210420231296,718,0x8,0x4,20.8500004,26.2472115,0.0301316008,0.126721516,2.62320482e-05,30,1.13699996,2
1641,718208400000712,157028806,2459324.791890725,59324.2880671,18.0216656,0.0336842611,0,zr,206.0255162,39.4715534,1.67799997,0.156000003,20210420288056,718,0x8,0x4,21.1599998,26.2798767,0.0347522981,0.129793346,3.49916372e-05,30,1.028,2
1642,718208400000712,157126606,2459325.7698600367,59325.2660648,18.0398884,0.0340870731,0,zr,206.0255497,39.4715551,1.48199999,0.186000004,20210421266065,718,0x8,0x4,21.2099991,26.2699394,0.0290116277,0.122019097,2.43332433e-05,30,1.05299997,2
1643,718208400000712,157130635,2459325.8101482512,59325.3063542,18.0283566,0.0338313878,0,zr,206.0255255,39.4715844,1.01100004,0.0909999982,20210421306308,718,0x8,0x4,21.1499996,26.2704277,0.0279034693,0.125780433,2.21085629e-05,30,1.01199996,1
1644,718208400000712,157146831,2459325.972099378,59325.4683102,18.0316792,0.0339047797,0,zr,206.0255386,39.4715949,0.611999989,0.0120000001,20210421468310,718,0x8,0x4,21.2000008,26.2115955,0.0275709294,0.12603341,2.19233189e-05,30,1.33200002,2
1645,718208400000712,157430310,2459328.8068026407,59328.3031019,18.0853577,0.0351221301,0,zr,206.0255079,39.4715512,1.01100004,0.108999997,20210424303102,718,0x8,0x4,20.5799999,26.2823238,0.0344273411,0.12805739,3.3801527e-05,30,1.00999999,2
1646,718208400000712,157524968,2459329.7533568414,59329.2496875,18.0430584,0.034157861,0,zr,206.0255035,39.4715595,0.50999999,0.0780000016,20210425249653,718,0x8,0x4,20.5200005,26.2550526,0.0324060097,0.121692941,3.03335401e-05,30,1.06299996,2
1647,718208400000712,157526578,2459329.7694558026,59329.265787,18.0806694,0.0350134,0,zr,206.0255429,39.4715938,0.74000001,0.101999998,20210425265590,718,0x8,0x4,20.3799992,26.258707,0.0327323265,0.131150514,3.06698967e-05,30,1.03799999,1
1648,718208400000712,157542333,2459329.926996755,59329.4233333,18.133213,0.036258895,0,zr,206.0255481,39.4715306,1.523,0.210999995,20210425423333,718,0x8,0x4,20.6100006,26.2669601,0.030484328,0.122268878,2.64458631e-05,30,1.17999995,2
1649,718208400000712,158026597,2459334.7694603405,59334.2659722,18.0771065,0.0349310711,0,zr,206.0255078,39.4715555,1.27900004,0.116999999,20210430265961,718,0x8,0x4,21.2999992,26.2731686,0.0285600889,0.125553429,2.36463966e-05,30,1.023,2
1650,718208400000712,158038697,2459334.8904626407,59334.3869792,18.0813789,0.0350298136,0,zr,206.0254934,39.4715423,1.98099995,0.245000005,20210430386979,718,0x8,0x4,21.1700001,26.2746391,0.0303371176,0.125816092,2.67975156e-05,30,1.11099994,2
1651,718208400000712,158130346,2459335.806908214,59335.3034606,18.0793667,0.0349832624,0,zr,206.0255466,39.4715552,1.40999997,0.167999998,20210501303438,718,0x8,0x4,20.7700005,25.9995289,0.0312510096,0.132353544,2.82946967e-05,30,1.00899994,2
1652,718208400000712,158130438,2459335.8078341763,59335.3043866,18.0512409,0.034341488,0,zr,206.0255201,39.4715633,0.74000001,0.108999997,20210501304387,718,0x8,0x4,20.8600006,26.0114136,0.0320097581,0.125878125,2.97848928e-05,30,1.00899994,1
1653,718208400000712,158138111,2459335.8845556136,59335.3811111,18.0788574,0.0349715017,0,zr,206.0255132,39.4715498,0.405999988,-0.00899999961,20210501381111,718,0x8,0x4,20.2099991,25.9520721,0.0356061868,0.124714553,3.67489702e-05,30,1.10399997,2
1654,718208400000712,158428310,2459338.786427486,59338.2831019,18.0514946,0.0343471803,0,zr,206.0255125,39.471568,1.67299998,0.217999995,20210504283090,718,0x8,0x4,21.5699997,26.2715988,0.0260870326,0.120204978,1.94094355e-05,30,1.00899994,1
1655,718208400000712,158630290,2459340.8061433295,59340.3029051,18.0051994,0.0333260521,0,zr,206.0255126,39.4715535,1.55200005,0.187999994,20210506302905,718,0x8,0x4,21.6700001,26.2963104,0.0298855044,0.124414265,2.60388351e-05,30,1.01300001,1
1656,718208400000712,158840317,2459342.906314797,59342.4031713,18.0733948,0.0348456204,0,zr,206.0255337,39.4715624,1.71399999,0.294999987,20210508403160,718,0x8,0x4,21.5900002,26.2553196,0.02655131,0.125409842,2.02007923e-05,30,1.24000001,1
1657,718208400000712,158930545,2459343.808553096,59343.3054514,18.055233,0.0344315507,0,zr,206.0255113,39.4715649,1.68299997,0.180000007,20210509305370,718,0x8,0x4,21.7399998,26.2512169,0.0365127549,0.119977377,3.86028405e-05,30,1.01999998,3
1658,718208400000712,159038422,2459344.8872752166,59344.3842245,18.0654755,0.0346642137,0,zr,206.0255419,39.4715659,0.63499999,0.0390000008,20210510384178,718,0x8,0x4,21.5599995,26.2625484,0.0281988271,0.120063312,2.33650389e-05,30,1.18700004,3
1659,718208400000712,159038516,2459344.8882126706,59344.385162,18.0424213,0.0341436081,0,zr,206.0255258,39.4715737,1.36399996,0.156000003,20210510385162,718,0x8,0x4,21.5200005,26.2264481,0.0269362088,0.124700151,2.10846483e-05,30,1.19000006,1
1660,718208400000712,159132252,2459345.8255287544,59345.3225231,18.0741158,0.0348621756,0,zr,206.0255125,39.4715471,1.74199998,0.179000005,20210511322523,718,0x8,0x4,21.7099991,26.286314,0.0288521014,0.118770435,2.38401044e-05,30,1.04400003,3
1661,718208400000712,159238368,2459346.8866343508,59346.3836806,18.0806484,0.0350128971,0,zr,206.0255427,39.4715673,2.25999999,0.324000001,20210512383681,718,0x8,0x4,21.6599998,26.268446,0.0348312855,0.119529426,3.47887653e-05,30,1.20500004,3
1662,718208400000712,159239121,2459346.894168673,59346.3912153,18.0534019,0.0343901925,0,zr,206.0254907,39.4715498,1.26999998,0.130999997,20210512391204,718,0x8,0x4,21.4699993,26.2341061,0.0270924047,0.122812718,2.08701986e-05,30,1.23599994,1
1663,718208400000712,159432383,2459348.826687631,59348.323831,18.0987625,0.0354355797,0,zr,206.0255196,39.4715704,1.60599995,0.208000004,20210514323831,718,0x8,0x4,21.7999992,26.2736797,0.0293586403,0.11599841,2.50920566e-05,30,1.05900002,1
1664,718208400000712,159432476,2459348.8276250847,59348.3247685,17.9826183,0.0328436457,0,zr,206.0255395,39.4715529,2.01999998,0.181999996,20210514324768,718,0x8,0x4,21.8500004,26.302599,0.0264487565,0.109865449,2.02021401e-05,30,1.05999994,3
1665,718208400000712,159528922,2459349.7920317138,59349.2892245,18.0405121,0.0341010056,0,zr,206.0255112,39.4715682,1.58299994,0.152999997,20210515289213,718,0x8,0x4,21.8500004,26.2962704,0.0295082498,0.111569241,2.52822119e-05,30,1.01999998,3
1666,718208400000712,159628684,2459350.7895956994,59350.2868403,18.0867367,0.0351542011,0,zr,206.025541,39.4715569,2.12299991,0.189999998,20210516286806,718,0x8,0x4,21.4899998,26.2637749,0.0277377404,0.123473749,2.22741273e-05,30,1.01999998,3
1667,718208400000712,159826697,2459352.7696295935,59352.2669792,18.0131741,0.0334988683,0,zr,206.0255345,39.4715664,1.78199995,0.0670000017,20210518266794,718,0x8,0x4,20.8299999,26.2072144,0.0287888609,0.130935654,2.41563557e-05,30,1.01100004,1
1668,718208400000712,159826791,2459352.7705670423,59352.2679167,18.0728378,0.0348328017,0,zr,206.025482,39.4715584,1.58399999,0.115000002,20210518267917,718,0x8,0x4,21.2099991,26.2138596,0.0256593302,0.123102225,1.92408916e-05,30,1.01199996,3
1669,718208400000712,159930346,2459353.8060549083,59353.3034606,18.0477314,0.0342625603,0,zr,206.0255366,39.4715824,1.704,0.112999998,20210519303461,718,0x8,0x4,20.8799992,26.2266998,0.0277843047,0.128689274,2.2336304e-05,30,1.04799998,3
1670,718208400000712,160025835,2459354.760898508,59354.2583565,18.0172539,0.0335877538,0,zr,206.0255961,39.4715949,0.959999979,-0.0410000011,20210520258264,718,0x8,0x4,20.2700005,26.2422295,0.0348523036,0.122317828,3.51809467e-05,30,1.00999999,1
1671,718208400000712,160025929,2459354.7618359583,59354.259294,18.0236053,0.0337268189,0,zr,206.02555,39.4715496,2.25200009,-0.0140000004,20210520259294,718,0x8,0x4,20.5499992,26.2515507,0.0325641707,0.128698871,3.05502253e-05,30,1.00999999,3
1672,718208400000712,160227834,2459356.780774243,59356.2783449,18.0674973,0.0347103924,0,zr,206.0255095,39.4715884,0.550000012,0.057,20210522278345,718,0x8,0x4,20.7299995,26.2638493,0.0286899116,0.122506864,2.32222028e-05,30,1.02699995,3
1673,718208400000712,160430538,2459358.807695574,59358.3053819,18.0524006,0.0343675986,0,zr,206.0255119,39.4715755,0.838999987,0.0939999968,20210524305382,718,0x8,0x4,20.3099995,26.2259407,0.0345905162,0.130971417,3.47284622e-05,30,1.07500005,1
1674,718208400000712,160432483,2459358.827150542,59358.324838,18.1355934,0.0363167413,0,zr,206.0255341,39.4715801,0.702000022,0.0710000023,20210524324826,718,0x8,0x4,20.4300003,26.2072487,0.0326663181,0.126630291,3.08080562e-05,30,1.12,3
1675,718208400000712,160522961,2459359.7318782336,59359.2296181,18.069294,0.0347515345,0,zr,206.0255232,39.471532,1.41499996,0.216999993,20210525229572,718,0x8,0x4,20.6299992,26.2644196,0.0311086494,0.119854055,2.81119555e-05,30,1.00800002,3
1676,718208400000712,160734372,2459361.845862589,59361.3437269,18.0629616,0.0346069261,0,zr,206.0255292,39.4715787,1.77199996,0.231000006,20210527343727,718,0x8,0x4,20.9300003,26.2718334,0.0350434333,0.111773916,3.52229072e-05,30,1.20899999,1
1677,718208400000712,160734466,2459361.8468000335,59361.3446644,18.0796356,0.0349894837,0,zr,206.025539,39.471564,1.35300004,0.142000005,20210527344653,718,0x8,0x4,20.8299999,26.2874527,0.0345142111,0.125491813,3.40039769e-05,30,1.21300006,3
1678,718208400000712,160826413,2459362.7662126906,59362.2641319,18.0742149,0.0348644815,0,zr,206.0255288,39.471554,1.24399996,0.101000004,20210528264097,718,0x8,0x4,20.7299995,26.2961597,0.0306631774,0.127003938,2.73377591e-05,30,1.02900004,3
1679,718208400000712,160933965,2459363.8416687683,59363.3396528,18.0140076,0.0335169919,0,zr,206.0255461,39.4715538,1.90100002,0.219999999,20210529339641,718,0x8,0x4,21.1299992,26.2860241,0.0280373227,0.116633303,2.28687877e-05,30,1.21500003,1
1680,718208400000712,160935190,2459363.853924914,59363.3519097,18.05756,0.0344842188,0,zr,206.025523,39.4715826,1.58599997,0.165999994,20210529351863,718,0x8,0x4,21.1499996,26.3034706,0.0274120681,0.111527555,2.16076587e-05,30,1.26800001,3
1681,718208400000712,161221703,2459366.718876769,59366.217037,18.043129,0.0341594331,0,zr,206.0255099,39.4715454,1.88199997,0.195999995,20210601217014,718,0x8,0x4,21.6200008,26.2901516,0.0266522244,0.125050709,2.07426237e-05,30,1.00800002,3
1682,718208400000712,161221799,2459366.7198374104,59366.2179977,17.9597912,0.0323661491,0,zr,206.0255317,39.4715449,2.00900006,0.210999995,20210601217986,718,0x8,0x4,21.7399998,26.3088779,0.0377376378,0.110387653,4.1190091e-05,30,1.00800002,1
1683,718208400000712,161336271,2459367.8644882943,59367.3627199,18.0807419,0.0350150764,0,zr,206.0255418,39.4715346,1.51199996,0.167999998,20210602362708,718,0x8,0x4,21.2600002,26.2008343,0.0264241807,0.122347675,2.0381196e-05,30,1.38600004,3
1684,718208400000712,161422337,2459368.7250941065,59368.2233796,17.965147,0.0324772745,0,zr,206.0255431,39.4715579,1.83899999,0.192000002,20210603223380,718,0x8,0x4,21.6599998,26.3003788,0.0334039107,0.116990902,3.24164284e-05,30,1.01100004,1
1685,718208400000712,161626083,2459370.7624187632,59370.2608333,18.0379505,0.0340439342,0,zr,206.0255228,39.4715586,1.72500002,0.209000006,20210605260833,718,0x8,0x4,21.5499992,26.2692471,0.0262735691,0.121643044,2.01098792e-05,30,1.05400002,1
1686,718208400000712,162020747,2459374.708807786,59374.2074769,18.0710754,0.0347923525,0,zr,206.0255196,39.4715456,2.2019999,0.217999995,20210609207292,718,0x8,0x4,21.3600006,26.3813019,0.0430730842,0.108074799,5.77597784e-05,30,1.01199996,1
1687,718208400000712,162226324,2459376.7644368378,59376.2632407,18.0646477,0.0346453339,0,zr,206.0255207,39.4715563,2.05500007,0.203999996,20210611263194,718,0x8,0x4,21.5900002,26.2856503,0.0293876976,0.118358344,2.51087658e-05,30,1.09000003,1
1688,718208400000712,162226422,2459376.765420568,59376.2642245,18.0880623,0.0351850651,0,zr,206.0254903,39.471589,2.39100003,0.236000001,20210611264201,718,0x8,0x4,21.5200005,26.3100739,0.029958725,0.114526324,2.61378082e-05,30,1.09200001,3
1689,718208400000712,162324425,2459377.74539071,59377.2442593,18.0746078,0.0348735042,0,zr,206.0254976,39.4715626,1.99100006,0.261000007,20210612244259,718,0x8,0x4,21.5400009,26.3205261,0.0279194675,0.123322405,2.24762171e-05,30,1.05799997,3
1690,718208400000712,162424243,2459378.74349588,59378.2424306,18.0764236,0.0349153206,0,zr,206.0254837,39.4715091,2.43499994,0.257999986,20210613242431,718,0x8,0x4,21.4599991,26.2445164,0.030115325,0.123364359,2.61031964e-05,30,1.05999994,1
1691,718208400000712,162424336,2459378.7444333183,59378.2433681,18.0806599,0.0350131765,0,zr,206.0255339,39.4715417,1.56400001,0.194000006,20210613243368,718,0x8,0x4,21.5100002,26.3067589,0.0279023889,0.126996458,2.22910276e-05,30,1.06099999,3
1692,718208400000712,162523839,2459379.7393902456,59379.2383912,18.0327969,0.0339295305,0,zr,206.0254924,39.4715508,1.87899995,0.238999993,20210614238391,718,0x8,0x4,21.4400005,26.2879772,0.0359237418,0.112159424,3.72755894e-05,30,1.05700004,2
1693,718208400000712,162523932,2459379.7403276847,59379.2393287,18.0508385,0.0343324132,0,zr,206.0255269,39.4715538,1.71800005,0.136999995,20210614239329,718,0x8,0x4,21.5699997,26.2650089,0.0256181546,0.114716344,1.90769624e-05,30,1.05900002,3
1694,718208400000712,162622473,2459380.725667036,59380.2247338,18.0823746,0.0350528732,0,zr,206.0255313,39.4715335,1.08099997,0.108999997,20210615224734,718,0x8,0x4,20.6299992,25.8547001,0.0329937562,0.127448857,3.14736608e-05,30,1.04100001,3
1695,718208400000712,162820276,2459382.703566853,59382.2027662,18.0791092,0.0349773131,0,zr,206.0255258,39.4715408,1.51499999,0.150999993,20210617202766,718,0x8,0x4,20.8999996,26.0193157,0.0325993672,0.125692904,3.10437608e-05,30,1.023,1
1696,718208400000712,163020096,2459384.701626637,59384.2009606,18.1433029,0.0365049317,32768,zr,206.0255069,39.4715533,0.615999997,0.0659999996,20210619200822,718,0x8,0x4,20.1399994,25.9887009,0.0761359558,0.120678879,0.000170766885,30,1.02600002,1
1697,718208400000712,163123458,2459385.7351794764,59385.2345833,18.1335106,0.0362661034,0,zr,206.0255461,39.4715582,1.12199998,0.145999998,20210620234583,718,0x8,0x4,20.8199997,26.2459621,0.0292103123,0.119302392,2.46359341e-05,30,1.08099997,3
1698,718208400000712,163123552,2459385.7361169136,59385.2355208,18.0899658,0.0352294296,0,zr,206.0255524,39.4715481,1.59300005,0.202999994,20210620235521,718,0x8,0x4,20.8299999,26.2594395,0.0278488621,0.117332622,2.24358464e-05,30,1.08299994,2
1699,718208400000712,163222394,2459386.7244760115,59386.2239468,18.0534058,0.0343903005,0,zr,206.0255474,39.4715473,0.762000024,-0.00200000009,20210621223935,718,0x8,0x4,20.25,26.2288857,0.0348852091,0.127641827,3.48678986e-05,30,1.06599998,3
1700,718208400000712,163222488,2459386.7254134454,59386.2248843,18.0955124,0.0353592075,0,zr,206.0255251,39.4715506,0.760999978,0.0989999995,20210621224873,718,0x8,0x4,20.3899994,26.2169914,0.0323413126,0.132136136,2.99923922e-05,30,1.06700003,1
1701,718208400000712,163321932,2459387.7197904414,59387.2193287,18.0131454,0.0334982425,0,zr,206.0255323,39.4715496,1.85699999,0.230000004,20210622219329,718,0x8,0x4,20.6800003,26.2382317,0.0320499763,0.110893965,2.95549999e-05,30,1.06200004,3
1702,718208400000712,163322027,2459387.720739477,59387.2202778,18.1084213,0.0356638059,0,zr,206.0255291,39.4715525,1.33200002,0.174999997,20210622220266,718,0x8,0x4,20.6700001,26.201479,0.0324184336,0.122175157,3.01785622e-05,30,1.06400001,2
1703,718208400000712,163630486,2459390.8051132304,59390.3048611,18.1143494,0.0358048901,0,zr,206.0255567,39.4715599,1.36300004,0.165999994,20210625304850,718,0x8,0x4,20.6100006,26.2333813,0.0306257438,0.116665989,2.71857753e-05,30,1.41799998,3
1704,718208400000712,163630581,2459390.806062264,59390.3058102,18.1362572,0.036332868,0,zr,206.0255536,39.4715789,1.11099994,0.104999997,20210625305799,718,0x8,0x4,20.5499992,26.2772465,0.0319058336,0.124017693,2.95829232e-05,30,1.42499995,1
1705,718208400000712,163726608,2459391.7662748094,59391.266088,18.1779613,0.0373673253,0,zr,206.0255448,39.4715686,1.36399996,0.150000006,20210626266076,718,0x8,0x4,20.7199993,26.2516117,0.0321340561,0.130119368,2.94206911e-05,30,1.22599995,3
1706,718208400000712,163726702,2459391.767212244,59391.2670255,18.1059685,0.0356056429,0,zr,206.0255276,39.4715593,1.37699997,0.160999998,20210626267025,718,0x8,0x4,20.8400002,26.2378139,0.0280754119,0.116479844,2.28034551e-05,30,1.23000002,2
1707,718208400000712,163820504,2459392.705169304,59392.2050463,18.0612831,0.0345687382,0,zr,206.0255398,39.4715494,2.06999993,0.160999998,20210627205046,718,0x8,0x4,21.5200005,26.2592411,0.0281021353,0.127370656,2.27281871e-05,30,1.06099999,3
1708,718208400000712,163820599,2459392.7061183355,59392.2059954,18.1382866,0.0363823324,0,zr,206.0254952,39.4715558,2.32200003,0.261999995,20210627205984,718,0x8,0x4,21.6399994,26.2912464,0.0404770747,0.118035682,4.75419911e-05,30,1.06299996,1
1709,718208400000712,163922281,2459393.7228663047,59393.2228125,18.0151787,0.0335424878,0,zr,206.025542,39.4715409,2.11500001,0.185000002,20210628222801,718,0x8,0x4,21.6499996,26.2714367,0.0259458665,0.117394656,1.966745e-05,30,1.10399997,3
1710,718208400000712,163922374,2459393.7238037367,59393.22375,18.0574875,0.034482602,0,zr,206.0255065,39.4715708,1.91799998,0.164000005,20210628223738,718,0x8,0x4,21.7099991,26.2777214,0.0254559964,0.110674441,1.89326965e-05,30,1.10599995,2
1711,718208400000712,164030701,2459394.8069939683,59394.3070139,18.0797482,0.0349920802,0,zr,206.0255578,39.4715344,1.96099997,0.231999993,20210629307002,718,0x8,0x4,20.6700001,25.976347,0.0340712219,0.130480736,3.3775279e-05,30,1.51400006,3
1712,718208400000712,164030795,2459394.807931401,59394.3079514,18.1771965,0.0373480171,0,zr,206.0255124,39.4715257,1.36899996,0.207000002,20210629307951,718,0x8,0x4,20.7600002,25.9807224,0.029998811,0.135308474,2.62091653e-05,30,1.52199996,1
1713,718208400000712,164122212,2459395.7220475827,59395.2221296,18.1135063,0.0357847847,0,zr,206.0254687,39.4715606,2.12199998,0.229000002,20210630222118,718,0x8,0x4,21.4300003,26.1499901,0.0302101839,0.115500458,2.64911159e-05,30,1.11600006,3
1714,718208400000712,164220214,2459396.7019927106,59396.2021412,18.1786919,0.0373857953,0,zr,206.0255118,39.47153,1.676,0.217999995,20210701202130,718,0x8,0x4,21.4400005,26.2445431,0.0390794054,0.123237729,4.40321492e-05,30,1.07599998,1
1715,718208400000712,164220307,2459396.702930145,59396.2030787,18.0889244,0.0352051519,0,zr,206.0255125,39.4715597,1.75399995,0.224999994,20210701203079,718,0x8,0x4,21.4799995,26.2338619,0.0274981111,0.121696077,2.178254e-05,30,1.07799995,3
1716,718208400000712,164519733,2459399.696986885,59399.197338,18.0632324,0.0346130878,0,zr,206.0255162,39.4715438,1.79200006,0.175999999,20210704197338,718,0x8,0x4,21.6000004,26.2735367,0.0268869586,0.116123021,2.10489161e-05,30,1.08299994,3
1717,718208400000712,164520503,2459399.704683063,59399.2050347,18.0687485,0.0347390287,0,zr,206.025551,39.4715639,1.61500001,0.136999995,20210704205035,718,0x8,0x4,21.4500008,26.2619514,0.0270689558,0.112938963,2.13149215e-05,30,1.10000002,1
1718,718208400000712,164620086,2459400.700449352,59400.2008681,18.0920677,0.035278555,0,zr,206.0255192,39.4715692,1.54499996,0.201000005,20210705200856,718,0x8,0x4,21.5499992,26.2883358,0.0272036549,0.117490187,2.16292465e-05,30,1.097,3
1719,718208400000712,164730543,2459401.8049467206,59401.3054398,18.0573101,0.034478575,0,zr,206.0255166,39.4715551,1.03999996,0.111000001,20210706305417,718,0x8,0x4,20.8799992,26.2011547,0.0322162434,0.127775416,3.01235796e-05,30,1.67400002,1
1720,718208400000712,164730637,2459401.805884157,59401.3063773,18.1697502,0.0371605679,0,zr,206.0255136,39.4715629,0.934000015,0.0460000001,20210706306377,718,0x8,0x4,20.9400005,26.1945286,0.032778345,0.124290369,3.07875307e-05,30,1.68400002,3
1721,718208400000712,164824359,2459402.7430435866,59402.2435995,18.1104088,0.0357110128,0,zr,206.0255078,39.4715316,1.58700001,0.208000004,20210707243588,718,0x8,0x4,21.2299995,26.2423077,0.0301034525,0.121576466,2.60861798e-05,30,1.25899994,3
1722,718208400000712,164920384,2459403.70322253,59403.2038426,18.0670204,0.0346994922,0,zr,206.0255155,39.4715601,1.54100001,0.187999994,20210708203843,718,0x8,0x4,21.5400009,26.2280083,0.0273642056,0.116301648,2.15547443e-05,30,1.125,1
1723,718208400000712,164920478,2459403.7041599685,59403.2047801,18.1272755,0.0361151472,0,zr,206.0255376,39.471556,2.30200005,0.287999988,20210708204780,718,0x8,0x4,21.5599995,26.2242222,0.0378219895,0.120341435,4.11317051e-05,30,1.12800002,3
1724,718208400000712,165120340,2459405.702649761,59405.2034028,18.0495491,0.0343033858,0,zr,206.0255435,39.4715438,1.37699997,0.152999997,20210710203322,718,0x8,0x4,21.2999992,26.2150764,0.0274861325,0.108566165,2.18768382e-05,30,1.13999999,1
1725,718208400000712,165721997,2459411.71883072,59411.2199769,18.1517525,0.0367127098,0,zr,206.0255131,39.4715711,1.41700006,0.232999995,20210716219965,718,0x8,0x4,20.8400002,26.0480289,0.0312806629,0.112736151,2.82619258e-05,30,1.26400006,1
1726,718208400000712,166422068,2459418.719096768,59418.2206829,18.1787395,0.0373870023,32768,zr,206.0255586,39.4715487,0.648000002,0.0850000009,20210723220683,718,0x8,0x4,19.6399994,25.5563068,0.0546096005,0.110893846,0.000108495296,30,1.36899996,3
1727,718208400000712,166524228,2459419.7406316414,59419.2422801,17.9526138,0.0322181024,32768,zr,206.0254998,39.4715108,0.688000023,0.181999996,20210724242269,718,0x8,0x4,18.75,25.2907143,0.058797922,0.150739998,0.000227912125,30,1.54299998,1
1728,718208400000712,166524425,2459419.742610713,59419.2442593,18.2010193,0.0379561447,32768,zr,206.0254348,39.4715831,0.333999991,0.075000003,20210724244259,718,0x8,0x4,18.9500008,25.3888302,0.129053339,0.146113187,0.000963964616,30,1.55999994,3
1729,718208400000712,166928585,2459423.783966783,59423.2858565,18.4204254,0.0442006737,32768,zr,206.0254783,39.4715751,1.26900005,0.279000014,20210728285845,718,0x8,0x4,19.6900005,25.7807217,0.0761450753,0.128829613,0.000179135386,30,2.26099992,1
1730,718208400000712,167020788,2459424.7059385367,59424.2078819,18.0413342,0.0341193266,0,zr,206.0255144,39.4715466,1.98000002,0.185000002,20210729207882,718,0x8,0x4,21.3700008,26.2165051,0.032447014,0.11290291,3.03707475e-05,30,1.39100003,3
1731,718208400000712,167318379,2459427.6816830663,59427.1837963,18.1771202,0.0373460911,0,zr,206.0255394,39.4715583,2.01600003,0.174999997,20210801183750,718,0x8,0x4,21.3700008,26.1801662,0.0353919417,0.11238084,3.66223248e-05,30,1.29999995,1
1732,718208400000712,167318473,2459427.6826205123,59427.1847338,18.1293144,0.036164403,0,zr,206.0255298,39.4715506,1.34500003,0.170000002,20210801184722,718,0x8,0x4,21.3299999,26.1903858,0.0263621081,0.11344976,2.00181348e-05,30,1.30499995,3
1733,718208400000712,167419416,2459428.6919970484,59428.1941667,18.0924988,0.035288617,0,zr,206.0255499,39.4715621,1.96099997,0.203999996,20210802194167,718,0x8,0x4,21.3799992,26.204607,0.03390003,0.114177585,3.30757757e-05,30,1.37399995,3
1734,718208400000712,169422136,2459448.718238189,59448.2213657,18.1628723,0.0369885713,0,zr,206.0255235,39.4715708,0.972000003,0.0340000018,20210822221366,718,0x8,0x4,19.5300007,26.0166492,0.0441753492,0.12639764,6.41087099e-05,30,2.33999991,3
1735,718208400000712,169517792,2459449.6747636474,59449.1779282,18.1636562,0.037008103,0,zr,206.0255526,39.4715645,0.671000004,0.101000004,20210823177917,718,0x8,0x4,20.0300007,26.0873547,0.0378449224,0.135673881,4.08372071e-05,30,1.71200001,3
1736,718208400000712,170116609,2459455.662722913,59455.1660995,18.140789,0.036443416,0,zr,206.0255208,39.4715351,1.51499999,0.169,20210829166088,718,0x8,0x4,21.0300007,26.1655121,0.0324747935,0.128066212,3.03446232e-05,30,1.76300001,3
1737,718208400000712,171213703,2459466.633368035,59466.137037,18.1795502,0.03740751,0,zr,206.0255474,39.4715405,1.14900005,0.120999999,20210909137037,718,0x8,0x4,20.8199997,26.0771751,0.0307688713,0.127022028,2.72140151e-05,30,1.77499998,2
1738,718208400000712,171213900,2459466.63533559,59466.1390046,18.1475372,0.0366088599,0,zr,206.0254906,39.4715552,1.24199998,0.169,20210909139005,718,0x8,0x4,20.8099995,26.0821781,0.0342443548,0.131492108,3.36836929e-05,30,1.79799998,2
1739,718208400000712,171214097,2459466.6373031493,59466.1409722,18.1120148,0.0357492194,0,zr,206.0255152,39.4715613,1.01400006,0.128999993,20210909140961,718,0x8,0x4,20.8199997,26.0826569,0.0335799456,0.128154457,3.27900416e-05,30,1.82299995,2
1740,718208400000712,171214293,2459466.6392707066,59466.1429398,18.2225761,0.0385176875,0,zr,206.0255098,39.4715674,1.54799998,0.217999995,20210909142928,718,0x8,0x4,20.7000008,26.0881195,0.0320003554,0.132962957,2.96131493e-05,30,1.84800005,2
1741,718208400000712,171214489,2459466.641226663,59466.1448958,18.1592293,0.0368978903,0,zr,206.0255097,39.4715365,1.50800002,0.165000007,20210909144896,718,0x8,0x4,20.8199997,26.0838032,0.0321178026,0.1298289,2.97756687e-05,30,1.87399995,2
1742,718208400000712,171513271,2459469.62899405,59469.1327199,18.1748352,0.0372884385,0,zr,206.0254928,39.4715443,1.20500004,0.140000001,20210912132616,718,0x8,0x4,20.75,26.1581821,0.0316229612,0.126938105,2.88991268e-05,30,1.82200003,2
1743,718208400000712,171513473,2459469.6310079126,59469.1347338,18.0638123,0.0346262865,0,zr,206.0255001,39.4715287,0.779999971,0.0689999983,20210912134618,718,0x8,0x4,20.7099991,26.1482449,0.0332796201,0.13411285,3.22395572e-05,30,1.84800005,2
1744,718208400000712,171513673,2459469.633010177,59469.1367361,18.1222839,0.035994906,0,zr,206.0255001,39.4715491,1.11000001,0.114,20210912136632,718,0x8,0x4,20.7199993,26.1636715,0.0335381925,0.128856942,3.23135282e-05,30,1.87399995,2
1745,718208400000712,171513874,2459469.6350240395,59469.13875,18.0748177,0.0348783284,0,zr,206.0254848,39.471548,0.74000001,0.050999999,20210912138646,718,0x8,0x4,20.5900002,26.1442318,0.0333729275,0.131191239,3.24291068e-05,30,1.90199995,2
1746,718208400000712,171514075,2459469.637026303,59469.1407523,18.1209412,0.0359626375,0,zr,206.025496,39.4715421,1.32500005,0.150999993,20210912140648,718,0x8,0x4,20.6800003,26.13731,0.0343594924,0.128416285,3.37788333e-05,30,1.92999995,2
1747,718208400000712,171613126,2459470.627519051,59470.1312616,18.1614761,0.0369537883,0,zr,206.025532,39.4715594,0.822000027,0.064000003,20210913131238,718,0x8,0x4,20.5300007,26.1891479,0.0376214348,0.131644562,4.09693457e-05,30,1.83800006,2
1748,718208400000712,171613326,2459470.629521316,59470.1332639,18.221077,0.0384782739,0,zr,206.0255125,39.4715539,1.15100002,0.115999997,20210913133160,718,0x8,0x4,20.5300007,26.1746902,0.034011621,0.132399812,3.30539115e-05,30,1.86399996,2
1749,718208400000712,171613527,2459470.631535183,59470.1352778,18.0455589,0.0342138149,0,zr,206.0255516,39.4715564,0.861999989,0.119999997,20210913135174,718,0x8,0x4,20.6399994,26.1602669,0.0311412252,0.125814661,2.80990389e-05,30,1.89100003,2
1750,718208400000712,171613728,2459470.6335374503,59470.1372801,18.1781616,0.0373723842,0,zr,206.0255494,39.4715927,1.42200005,0.115999997,20210913137176,718,0x8,0x4,20.5599995,26.150753,0.0320384875,0.132803842,3.00403535e-05,30,1.91900003,2
1751,718208400000712,171613928,2459470.635539712,59470.1392824,18.1661644,0.0370707512,0,zr,206.0254987,39.4715462,0.916000009,0.0939999968,20210913139178,718,0x8,0x4,20.6200008,26.163744,0.0323617868,0.124424666,3.03789166e-05,30,1.94799995,2
1752,718208400000712,172012878,2459474.6249867086,59474.1287847,18.1738968,0.0372648053,0,zr,206.0255215,39.4715647,0.632000029,0.0970000029,20210917128762,718,0x8,0x4,20.1399994,26.14464,0.0421194583,0.129847139,5.10924583e-05,30,1.95500004,2
1753,718208400000712,172013075,2459474.6269542854,59474.1307523,18.1419945,0.0364728905,0,zr,206.0255416,39.4715733,1.09599996,0.136999995,20210917130741,718,0x8,0x4,20.1900005,26.144743,0.0352140106,0.127894878,3.56513265e-05,30,1.98399997,2
1754,718208400000712,172013273,2459474.6289334567,59474.1327315,18.1445522,0.0365355536,0,zr,206.0254832,39.4715422,1.06200004,0.0579999983,20210917132708,718,0x8,0x4,19.9899998,26.1212864,0.0364568084,0.133155033,3.86598658e-05,30,2.0150001,2
1755,718208400000712,172013469,2459474.6309010326,59474.1346991,18.1656761,0.0370585658,0,zr,206.0255521,39.4714926,0.833999991,0.107000001,20210917134676,718,0x8,0x4,19.9899998,26.1343708,0.0417840444,0.129586771,5.02611474e-05,30,2.046,2
1756,718208400000712,172013666,2459474.6328686136,59474.1366667,18.1293888,0.0361662209,0,zr,206.0255674,39.4715929,0.810000002,0.0960000008,20210917136644,718,0x8,0x4,20.0400009,26.1301003,0.0351915658,0.127248809,3.57653589e-05,30,2.079,2
1757,718208400000712,172212543,2459476.621621009,59476.1254398,18.1179733,0.0358915031,0,zr,206.025472,39.4716042,0.896000028,0.063000001,20210919125359,718,0x8,0x4,19.5400009,26.165781,0.0464603268,0.121795319,6.96868883e-05,30,1.98599994,2
1758,718208400000712,172212745,2459476.623634885,59476.1274537,18.0815353,0.0350334272,0,zr,206.025544,39.4715057,0.640999973,0.0659999996,20210919127338,718,0x8,0x4,19.5699997,26.1333447,0.0434089713,0.144646913,5.74781152e-05,30,2.01799989,2
1759,718208400000712,172212946,2459476.625648766,59476.1294676,18.1753979,0.0373026244,0,zr,206.025543,39.4715175,1.28299999,0.0160000008,20210919129352,718,0x8,0x4,19.7299995,26.1501026,0.0504008718,0.131243959,7.41033436e-05,30,2.04999995,2
1760,718208400000712,172213148,2459476.627662646,59476.1314815,18.1975822,0.0378676094,0,zr,206.0254552,39.471606,1.51100004,0.209000006,20210919131377,718,0x8,0x4,19.7099991,26.1522465,0.048222445,0.127506495,6.85530977e-05,30,2.08299994,2
1761,718208400000712,172213350,2459476.629688024,59476.1335069,18.1549168,0.0367909148,0,zr,206.025553,39.4715069,1.58299994,0.122000001,20210919133391,718,0x8,0x4,19.7399998,26.1396046,0.0514889956,0.124193721,7.72420317e-05,30,2.11800003,2
1762,718208400000712,172312590,2459477.62207532,59477.1259028,18.1198254,0.0359358639,0,zr,206.0255344,39.4715441,1.01900005,0.143999994,20210920125856,718,0x8,0x4,19.9899998,26.1665688,0.0403311253,0.132664904,4.76803725e-05,30,2.03600001,2
1763,718208400000712,172312799,2459477.6241702014,59477.1279977,18.0589809,0.0345164314,0,zr,206.0255008,39.4715849,0.750999987,0.0960000008,20210920127940,718,0x8,0x4,19.8899994,26.1747437,0.0392135531,0.128019258,4.51187225e-05,30,2.06999993,2
1764,718208400000712,172313008,2459477.626253481,59477.130081,18.1623077,0.0369744822,0,zr,206.0255208,39.4715561,0.479000002,-0.00700000022,20210920130023,718,0x8,0x4,19.9599991,26.1759624,0.039480146,0.131348535,4.5541743e-05,30,2.10599995,2
1765,718208400000712,172313216,2459477.6283368645,59477.1321644,18.1285877,0.0361468531,0,zr,206.02552,39.4715865,1.00199997,0.134000003,20210920132106,718,0x8,0x4,20.0699997,26.1782475,0.0384781472,0.129675269,4.24615137e-05,30,2.14299989,2
1766,718208400000712,172313424,2459477.630420144,59477.1342477,18.1496124,0.0366599411,0,zr,206.0255285,39.4715606,0.855000019,0.0920000002,20210920134190,718,0x8,0x4,20.0300007,26.1722336,0.0387271233,0.131640717,4.37457056e-05,30,2.18099999,2
1767,718208400000712,172412378,2459478.6199497185,59478.1237847,18.0044937,0.0333108231,0,zr,206.0254914,39.4716366,0.536000013,-0.00999999978,20210921123681,718,0x8,0x4,19.25,26.1490307,0.0571475476,0.124206483,0.000126535015,30,2.046,2
1768,718208400000712,172412581,2459478.6219751984,59478.1258102,18.0601616,0.0345432498,0,zr,206.025449,39.4715959,0.935000002,-0.0900000036,20210921125694,718,0x8,0x4,19.3299999,26.1366673,0.0541875809,0.12005794,0.000103475206,30,2.07999992,2
1769,718208400000712,172412783,2459478.6240005884,59478.1278356,17.9868393,0.0329330601,0,zr,206.0254934,39.4716733,0.344000012,0.0379999988,20210921127720,718,0x8,0x4,19.0900002,26.1183834,0.0493400097,0.1446044,0.00011228981,30,2.11500001,2
1770,718208400000712,172412984,2459478.6260144687,59478.1298495,18.1291904,0.0361614078,0,zr,206.0254986,39.4716096,0.76700002,0.0670000017,20210921129734,718,0x8,0x4,19.1000004,26.1196251,0.0576115847,0.137396976,0.000148391089,30,2.1500001,2
1771,718208400000712,172413187,2459478.628039951,59478.131875,17.9786358,0.0327595994,0,zr,206.0255598,39.4715314,0.449000001,0.0120000001,20210921131759,718,0x8,0x4,19.0900002,26.1071415,0.0643343031,0.144289508,0.000178885384,30,2.18799996,2
1772,718208400000712,172512616,2459479.62232764,59479.126169,18.0818901,0.0350416601,0,zr,206.0255262,39.471549,0.666000009,-0.0,20210922126053,718,0x8,0x4,19.8500004,26.0873013,0.0587147437,0.134076387,0.000101545098,30,2.1329999,2
1773,718208400000712,172513020,2459479.6263669142,59479.1302083,18.213707,0.0382853374,0,zr,206.0255473,39.4715671,0.407000005,0.0700000003,20210922130093,718,0x8,0x4,19.9200001,26.0880013,0.0506500676,0.129959568,7.51866974e-05,30,2.20799994,2
1774,718208400000712,172612181,2459480.6179705765,59480.1218171,18.1882706,0.0376290716,0,zr,206.0254746,39.4715904,0.683000028,0.0879999995,20210923121713,718,0x8,0x4,20.4899998,26.1015606,0.0377059244,0.13186194,4.09056156e-05,30,2.10500002,2
1775,718208400000712,172612385,2459480.620007663,59480.1238542,18.1997719,0.0379239582,0,zr,206.0255163,39.4715255,0.694000006,0.0970000029,20210923123738,718,0x8,0x4,20.3999996,26.0890656,0.0346957259,0.138648704,3.50391456e-05,30,2.14100003,2
1776,718208400000712,172612590,2459480.622056254,59480.1259028,18.1482506,0.0366263948,0,zr,206.0255121,39.4715745,1.33299994,0.180999994,20210923125787,718,0x8,0x4,20.2099991,26.0655708,0.0370338634,0.13677153,3.95831885e-05,30,2.17799997,2
1777,718208400000712,172612793,2459480.62409324,59480.1279398,18.1751938,0.0372974873,0,zr,206.0254833,39.4715451,0.787999988,0.122000001,20210923127824,718,0x8,0x4,20.2999992,26.0754929,0.0376564972,0.13075836,4.06830768e-05,30,2.21700001,2
1778,718208400000712,172612997,2459480.6261303304,59480.1299769,18.2119751,0.0382401757,0,zr,206.0255294,39.4715531,0.924000025,0.153999999,20210923129861,718,0x8,0x4,20.1599998,26.0832291,0.0465012863,0.121729888,6.24790409e-05,30,2.25699997,2
1779,718208400000712,173312471,2459487.620860676,59487.1247106,18.0531082,0.0343835764,0,zr,206.0254894,39.4715849,0.344000012,0.00999999978,20210930124560,718,0x8,0x4,19.6900005,25.9205589,0.0458912514,0.124471895,6.57070559e-05,30,2.57399988,2
1780,718208400000712,179653312,2459551.0316540254,59550.533125,18.1812267,0.0374499969,0,zr,206.0255409,39.4715646,1.78699994,0.233999997,20211202533113,718,0x8,0x4,21.4599991,26.2942467,0.0294099748,0.121214308,2.51337024e-05,30,1.546,1
1781,718208400000712,186939190,2459623.8951048804,59623.3919097,18.2381897,0.038931217,0,zr,206.0255441,39.4715668,0.878000021,0.0689999983,20220213391863,718,0x8,0x4,20.9099998,26.2791748,0.0293849576,0.134272397,2.42880014e-05,30,1.20599997,1
1782,718208400000712,187142592,2459625.9292126684,59625.4259259,18.2373657,0.0389092192,0,zr,206.0255314,39.4715789,1.63800001,0.211999997,20220215425914,718,0x8,0x4,20.7199993,26.3172188,0.0302769206,0.117283374,2.60812576e-05,30,1.08800006,1
1783,718208400000712,187445097,2459628.9543878487,59628.4509722,18.1469727,0.0365949646,0,zr,206.0255014,39.471609,0.379000008,0.0250000004,20220218450961,718,0x8,0x4,20.1499996,26.2808743,0.0355738699,0.128048152,3.61884049e-05,30,1.03299999,1
1784,718208400000712,187636824,2459630.8717333334,59630.3682407,18.1616306,0.0369576178,0,zr,206.0255472,39.4715691,1.47899997,0.167999998,20220220368229,718,0x8,0x4,21.1299992,26.3195,0.0279209055,0.120796733,2.25396143e-05,30,1.22399998,1
1785,718208400000712,188341210,2459637.9158496577,59637.4121065,18.1032543,0.0355414711,32768,zr,206.0254987,39.4715727,0.754999995,0.0350000001,20220227412095,718,0x8,0x4,20.8199997,26.2849083,0.0279259682,0.127898872,2.29610014e-05,30,1.05200005,1
1786,718208400000712,188530322,2459639.807030501,59639.3032292,18.0681477,0.0347252786,0,zr,206.025511,39.4715622,0.717000008,0.00499999989,20220301303218,718,0x8,0x4,20.3700008,26.2613297,0.0395417586,0.126879632,4.45487967e-05,30,1.44500005,1
1787,718208400000712,188740839,2459641.912252685,59641.4083912,18.1909904,0.0376985483,0,zr,206.0255096,39.4715769,1.55700004,0.150000006,20220303408380,718,0x8,0x4,21.5499992,26.3129311,0.0384517163,0.120844603,4.21666518e-05,30,1.04200006,1
1788,718208400000712,191930457,2459673.808711746,59673.3045718,18.1674137,0.0371020101,0,zr,206.0255347,39.4715626,1.704,0.158000007,20220404304433,718,0x8,0x4,21.5400009,26.137104,0.0279663429,0.122983575,2.25015792e-05,30,1.06799996,2
1789,718208400000712,191936164,2459673.8657828714,59673.3616435,18.171051,0.0371932462,0,zr,206.0255202,39.4715721,1.34000003,0.153999999,20220404361632,718,0x8,0x4,21.3700008,26.198616,0.0264169965,0.116665691,2.01887706e-05,30,1.00899994,2
1790,718208400000712,192245129,2459676.9553982937,59676.4512963,18.1254959,0.0360722095,0,zr,206.0255251,39.4715494,1.02100003,0.00200000009,20220407451285,718,0x8,0x4,20.3199997,26.1993256,0.0326215625,0.12212991,3.08933668e-05,30,1.11399996,2
1791,718208400000712,192248479,2459676.988893207,59676.4847917,18.0534134,0.0343904644,0,zr,206.0255665,39.4715233,0.879000008,-0.00200000009,20220407484456,718,0x8,0x4,20.2700005,26.180439,0.0342113376,0.123780824,3.45379449e-05,30,1.22500002,2
1792,718208400000712,192337406,2459677.8781512086,59677.3740625,18.1722641,0.0372237079,0,zr,206.0255302,39.4715759,0.890999973,0.108000003,20220408374051,718,0x8,0x4,21.3099995,26.264101,0.0340670422,0.123682149,3.31638912e-05,30,1.00999999,2
1793,718208400000712,192338605,2459677.8901417293,59677.3860532,18.1454563,0.0365577228,0,zr,206.0255254,39.4715557,1.00300002,0.0710000023,20220408386030,718,0x8,0x4,21.1399994,26.2663574,0.0301601253,0.121430196,2.62557951e-05,30,1.01600003,1
1794,718208400000712,192521579,2459679.719857765,59679.2157986,18.2076454,0.03812759,0,zr,206.0255529,39.4715562,1.11800003,0.238999993,20220410215787,718,0x8,0x4,21.1200008,26.248909,0.0297916662,0.119187906,2.56683124e-05,30,1.31099999,2
1795,718208400000712,192523773,2459679.7417903044,59679.2377315,18.1691017,0.0371442996,0,zr,206.0255279,39.4715681,1.50600004,0.173999995,20220410237720,718,0x8,0x4,20.9799995,26.242321,0.0294004492,0.126040906,2.48451161e-05,30,1.21099997,1
1796,718208400000712,192539612,2459679.900178811,59679.3961227,18.1562328,0.0368235148,0,zr,206.0255215,39.4715638,1.755,0.129999995,20220410396111,718,0x8,0x4,21.1900005,26.2953911,0.0282344222,0.125953421,2.31583908e-05,30,1.02900004,2
1797,718208400000712,192634356,2459680.8476040405,59680.3435648,18.1183758,0.0359011255,0,zr,206.0255001,39.4715714,0.985000014,0.0399999991,20220411343461,718,0x8,0x4,20.3600006,26.2641029,0.0325373821,0.133756414,3.06081129e-05,30,1.00899994,2
1798,718208400000712,192827952,2459682.783527089,59682.2795255,18.1266479,0.0361000113,0,zr,206.0255327,39.4715662,1.03199995,0.104000002,20220413279525,718,0x8,0x4,20.8700008,26.2801762,0.0322936587,0.119736932,3.00243282e-05,30,1.06900001,2
1799,718208400000712,192834964,2459682.853641358,59682.3496412,18.2554703,0.0393956043,0,zr,206.0255594,39.4715502,1.37699997,0.170000002,20220413349618,718,0x8,0x4,20.7299995,26.2768421,0.0295305122,0.119939849,2.5263018e-05,30,1.00800002,1
1800,718208400000712,192836403,2459682.8680392588,59682.3640394,18.1482944,0.0366274789,0,zr,206.0255161,39.4715628,1.57500005,0.133000001,20220413364005,718,0x8,0x4,20.4799995,26.2677269,0.032004077,0.123085067,2.93938392e-05,30,1.01199996,2
1801,718208400000712,192924978,2459683.7537612338,59683.2497801,18.1657124,0.0370594598,0,zr,206.0255146,39.471563,1.13900006,0.127000004,20220414249780,718,0x8,0x4,20.7299995,26.2711811,0.0277634151,0.113606423,2.18737532e-05,30,1.13300002,2
1802,718208400000712,193024016,2459684.7441211822,59684.240162,18.189682,0.0376650952,0,zr,206.0255261,39.4715902,0.400000006,0.0590000004,20220415240150,718,0x8,0x4,20.1599998,26.2605991,0.036039561,0.119389527,3.75942145e-05,30,1.15400004,2
1803,718208400000712,193039946,2459684.903423165,59684.3994676,18.1607399,0.0369354524,0,zr,206.0255322,39.4715669,1.34300005,0.142000005,20220415399468,718,0x8,0x4,20.6399994,26.2715969,0.0334734209,0.12605238,3.20289146e-05,30,1.05200005,1
1804,718208400000712,193043452,2459684.9384802463,59684.4345255,18.2194252,0.0384349376,0,zr,206.0255505,39.4715407,1.48500001,0.155000001,20220415434514,718,0x8,0x4,20.4699993,26.2771797,0.0285769701,0.11342451,2.36938122e-05,30,1.12699997,2
1805,718208400000712,193122800,2459685.7319455133,59685.2280093,18.2161446,0.0383490212,0,zr,206.025532,39.4715504,0.916000009,0.116999999,20220416227975,718,0x8,0x4,20.6499996,26.3017311,0.0339485556,0.116093479,3.31219817e-05,30,1.18599999,2
1806,718208400000712,193137221,2459685.8761433978,59685.3722106,18.1534443,0.0367544964,0,zr,206.0255536,39.4715427,0.91900003,0.0140000004,20220416372199,718,0x8,0x4,19.9899998,26.2830238,0.0380844027,0.121067405,4.14518945e-05,30,1.02199996,2
1807,718208400000712,193240298,2459686.9068936175,59686.4029861,18.1317997,0.0362245925,0,zr,206.0255117,39.4715694,0.92900002,0.153999999,20220417402986,718,0x8,0x4,19.9599991,26.2144146,0.0433863588,0.131327435,5.58167158e-05,30,1.06700003,2
1808,718208400000712,193334153,2459687.8454229254,59687.3415394,18.1246529,0.0360519029,0,zr,206.0255037,39.471571,0.730000019,0.0140000004,20220418341493,718,0x8,0x4,20.6900005,26.2744408,0.0326545872,0.11104542,3.07543232e-05,30,1.00899994,2
1809,718208400000712,193338427,2459687.8881532005,59687.3842708,18.1287575,0.0361509435,0,zr,206.0255248,39.4715582,1.45200002,0.202999994,20220418384259,718,0x8,0x4,20.8600006,26.2755985,0.0295926277,0.116463028,2.53954113e-05,30,1.04200006,1
1810,718208400000712,193340442,2459687.9083031644,59687.4044213,18.2125263,0.0382545628,0,zr,206.0255233,39.4715702,0.870999992,0.100000001,20220418404421,718,0x8,0x4,20.6599998,26.22929,0.0368740782,0.129532903,3.90943242e-05,30,1.07500005,2
1811,718208400000712,193431906,2459688.822920012,59688.3190625,18.158392,0.0368770733,0,zr,206.0255587,39.4715492,0.744000018,0.050999999,20220419318958,718,0x8,0x4,20.6900005,26.2873001,0.0267058704,0.123812385,2.03007785e-05,30,1.00999999,2
1812,718208400000712,193438902,2459688.892883396,59688.3890278,18.1429787,0.0364969932,0,zr,206.0255372,39.4715538,1.97000003,0.215000004,20220419389028,718,0x8,0x4,20.4200001,26.1368999,0.0306065567,0.127771273,2.69519405e-05,30,1.05299997,2
1813,718208400000712,193526708,2459689.770914589,59689.2670833,18.0544014,0.0344127789,0,zr,206.0255297,39.4715903,1.33200002,-0.0170000009,20220420267072,718,0x8,0x4,20.3299999,26.2382545,0.0331275202,0.127789497,3.18251878e-05,30,1.05700004,2
1814,718208400000712,193539756,2459689.901397001,59689.3975694,18.0432835,0.0341628715,0,zr,206.0255131,39.4715254,0.39199999,0.0320000015,20220420397535,718,0x8,0x4,20.0400009,26.2440968,0.0379578136,0.12161015,4.05673018e-05,30,1.07200003,2
1815,718208400000712,193624395,2459690.747761574,59690.2439583,18.1727219,0.0372352228,0,zr,206.025522,39.4715577,1.046,0.187000006,20220421243947,718,0x8,0x4,21.4400005,26.2853909,0.0297210068,0.114386052,2.51067595e-05,30,1.09800005,2
1816,718208400000712,193632527,2459690.829078712,59690.3252778,18.1737213,0.0372603945,0,zr,206.0255165,39.471576,1.40999997,0.123000003,20220421325278,718,0x8,0x4,21.1700001,26.2553844,0.0267378259,0.122137412,2.07164048e-05,30,1.00800002,1
1817,718208400000712,193634440,2459690.848210052,59690.3444097,18.1023998,0.0355212912,0,zr,206.0255384,39.4715415,1.63499999,0.174999997,20220421344410,718,0x8,0x4,21.2999992,26.2679958,0.0258347522,0.110393427,1.89919992e-05,30,1.01300001,2
1818,718208400000712,193926038,2459693.764092349,59693.2603819,18.1982079,0.0378836766,0,zr,206.0255466,39.4715549,1.66700006,0.179000005,20220424260382,718,0x8,0x4,21.2999992,26.2498646,0.0358970873,0.120068811,3.74420233e-05,30,1.051,2
1819,718208400000712,193930471,2459693.808419621,59693.3047106,18.1399307,0.0364224538,0,zr,206.0255151,39.4715531,1.54200006,0.126000002,20220424304699,718,0x8,0x4,21.0300007,26.1965542,0.0283204019,0.120044619,2.31190679e-05,30,1.00999999,2
1820,718208400000712,194336302,2459697.8665899374,59697.3630208,18.1420879,0.0364751965,0,zr,206.0255183,39.4715399,0.809000015,0.0949999988,20220428363009,718,0x8,0x4,21.1499996,25.8328495,0.0420429856,0.122122034,5.06569413e-05,30,1.04999995,2
1821,718208400000712,194437201,2459698.8755456912,59698.3720139,18.1216393,0.0359794125,0,zr,206.0255291,39.471567,1.24199998,0.0799999982,20220429372014,718,0x8,0x4,21.25,26.2193336,0.0282021686,0.126230657,2.31538997e-05,30,1.07000005,2
1822,718208400000712,194437296,2459698.876494754,59698.372963,18.1399612,0.0364232063,0,zr,206.0255331,39.4715797,1.74300003,0.129999995,20220429372951,718,0x8,0x4,21.2700005,26.2126217,0.0299621765,0.126173705,2.56429576e-05,30,1.07200003,1
1823,718208400000712,194438289,2459698.886424876,59698.3828935,18.1390572,0.0364011191,0,zr,206.0255457,39.4715881,1.10399997,0.0869999975,20220429382894,718,0x8,0x4,21.1200008,26.1958237,0.0264170673,0.120748617,2.01456223e-05,30,1.09300005,2
1824,718208400000712,194536111,2459699.864605325,59699.3611111,18.1116867,0.0357414149,0,zr,206.0255055,39.4715557,1.93900001,0.173999995,20220430361100,718,0x8,0x4,21.1499996,26.2206383,0.0286179818,0.12833713,2.36593405e-05,30,1.05599999,2
1825,718208400000712,194617495,2459700.6784162773,59700.1749537,18.1356621,0.0363183953,0,zr,206.0255271,39.4715596,1.48099995,0.153999999,20220501174942,718,0x8,0x4,21.3999996,26.2257175,0.0327944234,0.123394348,3.12329248e-05,30,1.23300004,2
1826,718208400000712,194628243,2459700.785888992,59700.2824306,18.1198769,0.0359371267,0,zr,206.0255234,39.4715727,1.43499994,0.186000004,20220501282396,718,0x8,0x4,21.3500004,26.2548466,0.0283201374,0.127454579,2.29950911e-05,30,1.01100004,1
1827,718208400000712,194630688,2459700.810344028,59700.3068866,18.1173859,0.0358774439,0,zr,206.0255228,39.4715697,1.36500001,0.162,20220501306887,718,0x8,0x4,21.4500008,26.2763805,0.0286898464,0.110920407,2.35631178e-05,30,1.00899994,2
1828,718208400000712,194817253,2459702.6759169884,59702.1725347,18.1784897,0.0373807028,0,zr,206.0255369,39.4715526,1.48199999,0.0450000018,20220503172431,718,0x8,0x4,21.0699997,26.2098751,0.0275219325,0.117299348,2.20715247e-05,30,1.22099996,2
1829,718208400000712,194834858,2459702.851963055,59702.348588,18.1074772,0.0356414095,0,zr,206.0255207,39.4715696,1.37199998,0.136999995,20220503348588,718,0x8,0x4,21.5300007,26.2456417,0.0290843919,0.119488589,2.43752456e-05,30,1.04900002,1
1830,718208400000712,194836347,2459702.866846634,59702.3634722,18.1522942,0.0367260724,0,zr,206.0255476,39.4715696,1.39999998,0.143999994,20220503363461,718,0x8,0x4,21.4799995,26.2435036,0.0268964805,0.120565787,2.09974096e-05,30,1.07500005,2
1831,718208400000712,195326692,2459707.770082331,59707.2669213,18.1292458,0.0361627638,0,zr,206.0255298,39.4715843,1.12399995,0.0560000017,20220508266817,718,0x8,0x4,20.8299999,26.274416,0.0285965074,0.130677283,2.38389766e-05,30,1.00999999,1
1832,718208400000712,195332737,2459707.8305309624,59707.3273727,18.1046371,0.0355741568,0,zr,206.0255163,39.4715166,1.21200001,0.0179999992,20220508327361,718,0x8,0x4,20.5799999,26.2768345,0.0303690564,0.121102192,2.66710995e-05,30,1.03900003,1
1833,718208400000712,195336982,2459707.8729826906,59707.3698264,18.0441933,0.0341832526,0,zr,206.0254793,39.4716189,0.745000005,0.00300000003,20220508369826,718,0x8,0x4,20.6700001,26.2564335,0.0295851082,0.124370858,2.54841434e-05,30,1.12199998,2
1834,718208400000712,195531185,2459709.814917739,59709.3118519,18.1112556,0.0357311741,0,zr,206.0255265,39.4715701,0.670000017,0.0419999994,20220510311852,718,0x8,0x4,20.7700005,26.2501659,0.0280961338,0.123866729,2.26245174e-05,30,1.02699995,2
1835,718208400000712,195532351,2459709.8265837803,59709.3235185,18.1570702,0.0368442945,0,zr,206.0255093,39.4715891,0.879999995,0.0540000014,20220510323507,718,0x8,0x4,20.7099991,26.1920033,0.0302506965,0.126100302,2.66212228e-05,30,1.04100001,1
1836,718208400000712,195538524,2459709.888305424,59709.3852431,18.1569958,0.0368424244,0,zr,206.0255414,39.4715476,1.49399996,0.149000004,20220510385243,718,0x8,0x4,21.0799999,26.2510262,0.0292701554,0.113586724,2.47267453e-05,30,1.18799996,1
1837,718208400000712,195734527,2459711.848245552,59711.3452778,18.0885792,0.0351970978,0,zr,206.0255386,39.4715602,0.586000025,-0.0270000007,20220512345266,718,0x8,0x4,19.9799995,26.2512016,0.0397903584,0.118169576,4.64510194e-05,30,1.08800006,1
1838,718208400000712,195736643,2459711.869401901,59711.3664352,18.1452293,0.0365521684,0,zr,206.0255372,39.4715604,0.537999988,0.0410000011,20220512366435,718,0x8,0x4,20.2299995,26.237875,0.0296354555,0.128922805,2.57829506e-05,30,1.14400005,2
1839,718208400000712,195926847,2459713.771344192,59713.2684722,18.1668663,0.0370883159,0,zr,206.0255219,39.4715489,0.920000017,0.0949999988,20220514268461,718,0x8,0x4,20.6000004,26.2606392,0.0330973119,0.128224015,3.16788792e-05,30,1.00800002,1
1840,718208400000712,196526457,2459719.7671274045,59719.2645718,18.0637398,0.0346246287,0,zr,206.0255381,39.4715435,2.38800001,0.211999997,20220520264572,718,0x8,0x4,21.7700005,26.3301563,0.0326848701,0.118133888,3.07406553e-05,30,1.01199996,1
1841,718208400000712,196530598,2459719.8085371177,59719.3059838,18.1179867,0.0358918197,0,zr,206.025536,39.4715505,1.85800004,0.144999996,20220520305972,718,0x8,0x4,21.1599998,26.2823772,0.0281883981,0.126163274,2.31303784e-05,30,1.05499995,1
1842,718208400000712,198725702,2459741.7582383766,59741.2570255,18.1322937,0.0362365916,0,zr,206.0255574,39.4715546,0.879000008,0.0869999975,20220611257002,718,0x8,0x4,20.7299995,26.2286167,0.029227471,0.118462667,2.45531992e-05,30,1.07500005,1
1843,718208400000712,198922193,2459743.723016112,59743.2219329,18.1821194,0.0374726057,0,zr,206.0255421,39.4715628,1.24800003,0.149000004,20220613221910,718,0x8,0x4,20.7700005,26.3043404,0.0301320534,0.122735433,2.58724813e-05,30,1.02999997,1
1844,718208400000712,199522537,2459749.7260518856,59749.2253704,18.1921997,0.0377294719,0,zr,206.025536,39.47161,1.19099998,0.104999997,20220619225359,718,0x8,0x4,21.0400009,26.2800102,0.0307520665,0.126358062,2.73510868e-05,30,1.05700004,1
1845,718208400000712,199724233,2459751.7428831137,59751.242338,18.1456833,0.0365633145,0,zr,206.0255388,39.4715465,2.04900002,0.231000006,20220621242326,718,0x8,0x4,21.4300003,26.2745686,0.0256722271,0.117606841,1.88776066e-05,30,1.10300004,1
1846,718208400000712,201026166,2459764.7613278013,59764.2616667,18.2037487,0.0380266309,0,zr,206.0255712,39.4715621,2.08800006,0.236000001,20220704261655,718,0x8,0x4,21.3799992,26.2839222,0.0262298752,0.116098396,1.98607358e-05,30,1.30400002,1
1847,718208400000712,201928056,2459773.7796279257,59773.2805671,18.2005386,0.0379437543,0,zr,206.0255168,39.4715575,0.716000021,0.0529999994,20220713280567,718,0x8,0x4,20.1900005,26.1420021,0.0392674841,0.128808036,4.46388149e-05,30,1.61099994,2
1848,718208400000712,201932324,2459773.8222986944,59773.3232407,18.2035027,0.0380202793,0,zr,206.0254998,39.4715221,0.549000025,0.104000002,20220713323241,718,0x8,0x4,19.9200001,26.0775337,0.0388183855,0.132383242,4.38388488e-05,30,2.1789999,1
1849,718208400000712,202122295,2459775.721885895,59775.2229514,17.6200504,0.0263598785,32768,zr,206.0255533,39.4715753,0.657999992,0.0179999992,20220715222940,718,0x8,0x4,20.4200001,26.7368202,0.263909191,0.0832463056,0.00225100527,30,1.26199996,1
1850,718208400000712,202424182,2459778.7405693764,59778.2418287,18.287878,0.0402858332,32768,zr,206.0255253,39.4715283,1.12899995,0.189999998,20220718241748,718,0x8,0x4,20.5499992,25.6670036,0.0740992948,0.100239322,0.000160495096,30,1.41199994,1
1851,718208400000712,208812822,2459842.624403495,59842.1282292,18.2008724,0.0379523635,0,zr,206.0254896,39.4715605,0.741999984,0.0780000016,20220920128171,718,0x8,0x4,20.4500008,26.1967831,0.0332980156,0.120860875,3.19089777e-05,30,2.06299996,2
1852,718208400000712,208813031,2459842.6264867773,59842.1303125,18.1400146,0.0364244841,0,zr,206.0255165,39.471574,0.662,0.114,20220920130255,718,0x8,0x4,20.4300003,26.1819553,0.0330141373,0.129841551,3.12094635e-05,30,2.09800005,2
1853,718208400000712,208813240,2459842.6285816566,59842.1324074,18.0452499,0.034206897,0,zr,206.0255088,39.4715751,0.286000013,0.0160000008,20220920132350,718,0x8,0x4,20.1599998,26.1742401,0.038050551,0.123552643,4.12209229e-05,30,2.13499999,2
1854,718208400000712,208813449,2459842.630664936,59842.1344907,18.1405373,0.036437273,0,zr,206.0255008,39.4715397,1.14699996,0.184,20220920134433,718,0x8,0x4,20.4799995,26.1724415,0.032047268,0.122645222,2.95249156e-05,30,2.17199993,2
1855,718208400000712,208912541,2459843.6215831726,59843.1254167,18.1446552,0.0365380682,0,zr,206.0255106,39.4715708,1.17200005,0.0920000002,20220921125359,718,0x8,0x4,20.6000004,26.2135277,0.0303188097,0.125792101,2.62013637e-05,30,2.06200004,2
1856,718208400000712,208912750,2459843.623666457,59843.1275,18.1776657,0.0373598523,0,zr,206.0255681,39.4715485,0.994000018,0.137999997,20220921127442,718,0x8,0x4,20.6700001,26.2095051,0.0294148121,0.126960725,2.48345987e-05,30,2.09699988,2
1857,718208400000712,208912959,2459843.625761339,59843.1295949,18.1935463,0.0377639718,0,zr,206.0255513,39.4715487,0.897000015,0.122000001,20220921129537,718,0x8,0x4,20.6200008,26.1983585,0.0325169638,0.121890299,3.04589539e-05,30,2.1329999,2
1858,718208400000712,208913166,2459843.6278331247,59843.1316667,18.1972065,0.0378579237,0,zr,206.0255725,39.4715814,1.01600003,0.0869999975,20220921131620,718,0x8,0x4,20.6700001,26.1919994,0.030107541,0.12889795,2.59138378e-05,30,2.171,2
1859,718208400000712,208913375,2459843.629916405,59843.13375,18.1474171,0.0366058983,0,zr,206.0255538,39.4715483,1.83800006,0.216999993,20220921133692,718,0x8,0x4,20.6599998,26.1832294,0.0356755443,0.124813497,3.64995358e-05,30,2.21000004,2
1860,718208400000712,209012303,2459844.6191922147,59844.1230324,18.2125149,0.0382542498,0,zr,206.0255378,39.4715516,1.34599996,0.128999993,20220922122928,718,0x8,0x4,20.4200001,26.1852055,0.0363278762,0.134546369,3.77840297e-05,30,2.06699991,2
1861,718208400000712,209012505,2459844.6212177025,59844.1250579,18.1657639,0.0370607376,0,zr,206.0255383,39.4715901,1.13100004,0.135000005,20220922124942,718,0x8,0x4,20.5900002,26.1915092,0.0362671018,0.124761358,3.77706201e-05,30,2.102,2
1862,718208400000712,209012708,2459844.623243087,59844.1270833,18.1561852,0.0368223339,0,zr,206.0255404,39.4715646,0.836000025,0.104999997,20220922126968,718,0x8,0x4,20.5900002,26.192915,0.0343095809,0.130580604,3.39139224e-05,30,2.13700008,2
1863,718208400000712,209012909,2459844.625256974,59844.1290972,18.1793785,0.0374031663,0,zr,206.0255516,39.4715828,1.45200002,0.185000002,20220922128993,718,0x8,0x4,20.6499996,26.2030525,0.0361624695,0.129759744,3.75498676e-05,30,2.17400002,2
1864,718208400000712,209013112,2459844.627282457,59844.1311227,18.1335545,0.0362671725,0,zr,206.0255198,39.4715545,1.30499995,0.185000002,20220922131007,718,0x8,0x4,20.6299992,26.1992283,0.0334437378,0.127671614,3.25174842e-05,30,2.21199989,2
1865,718208400000712,209112608,2459845.622242297,59845.126088,18.1605263,0.0369301401,0,zr,206.0255275,39.4715705,1.26100004,0.157000005,20220923125972,718,0x8,0x4,20.7299995,26.1701794,0.0325079076,0.121770553,3.03609904e-05,30,2.16899991,2
1866,718208400000712,209112811,2459845.6242676866,59845.1281134,18.1590843,0.036894273,0,zr,206.025535,39.4715755,1.68799996,0.213,20220923127998,718,0x8,0x4,20.6399994,26.1627064,0.0408222601,0.126761958,4.77209542e-05,30,2.20700002,2
1867,718208400000712,209212236,2459846.618511099,59846.1223611,18.2291012,0.0386898145,0,zr,206.0254757,39.4715582,1.29400003,0.0419999994,20220924122350,718,0x8,0x4,20.2399998,26.0991344,0.0448711514,0.131470159,5.72926765e-05,30,2.15100002,2
1868,718208400000712,209811609,2459852.61224852,59852.1160995,18.0696487,0.0347596444,32768,zr,206.0255396,39.4715665,0.612999976,-0.118000001,20220930116088,718,0x8,0x4,18.7600002,25.0884991,0.0538236983,0.113169961,0.000197175075,30,2.352,2
1869,718208400000712,209812033,2459852.616484629,59852.1203356,17.9682255,0.0325413868,32768,zr,206.025665,39.4714908,0.430000007,0.128000006,20220930120324,718,0x8,0x4,18.7000008,24.9850559,0.0940843821,0.11192105,0.000627339236,30,2.44799995,2
1870,718208400000712,209812458,2459852.6207323344,59852.1245833,18.3073845,0.040834032,32768,zr,206.0255165,39.4714844,0.555999994,-0.0920000002,20220930124583,718,0x8,0x4,18.7999992,25.1668854,0.0859770626,0.0930207148,0.000448462029,30,2.55299997,2
1871,718208400000712,218343498,2459937.934988859,59937.4349884,17.9862461,0.0329204611,0,zr,206.0255726,39.4716215,0.814999998,0.0170000009,20221224434977,718,0x8,0x4,20.1399994,26.2204151,0.0387096852,0.124586038,4.32866582e-05,30,1.99100006,1
1872,718208400000712,220351302,2459958.014412931,59957.5130208,18.1556664,0.0368094854,32768,zr,206.0255285,39.4715818,1.10800004,0.165999994,20230113513021,718,0x8,0x4,20.1900005,25.7083931,0.0426874459,0.0976411328,5.23323833e-05,30,1.09599996,1
1873,718208400000712,221342928,2459967.9313165806,59967.4292824,18.0655537,0.0346660092,0,zr,206.0257124,39.4716525,0.540000021,-0.00700000022,20230123429271,718,0x8,0x4,19.7700005,26.263052,0.0440504812,0.117369957,5.69565527e-05,30,1.29799998,1
1874,718208400000712,221746643,2459971.9687155867,59971.4664352,18.1012459,0.035494063,0,zr,206.0255388,39.4715616,0.661000013,0.00999999978,20230127466250,718,0x8,0x4,21.0100002,26.3078632,0.0298879426,0.12172164,2.56057228e-05,30,1.11699998,1
1875,718208400000712,222338659,2459977.8892188,59977.3865972,18.1433525,0.0365061276,0,zr,206.0255244,39.4715567,0.88499999,0.0149999997,20230202386528,718,0x8,0x4,20.0,26.2529221,0.0395879522,0.120743752,4.45814949e-05,30,1.38499999,1
1876,718208400000712,223045186,2459984.9548573745,59984.4518634,18.1159477,0.0358430669,0,zr,206.0255138,39.4715514,0.815999985,0.0540000014,20230209451852,718,0x8,0x4,20.4300003,26.2985191,0.0326001644,0.118075237,3.104387e-05,30,1.07000005,1
1877,718208400000712,226238950,2460016.8935757545,60016.3895023,18.0485382,0.0342806578,32768,zr,206.0255433,39.4715538,0.768000007,0.103,20230313389491,718,0x8,0x4,20.0599995,25.6949959,0.0565830842,0.114043795,9.21366445e-05,30,1.03199995,1
1878,718208400000712,234819561,2460102.697107444,60102.1956134,18.0607681,0.0345570333,32768,zr,206.0254732,39.47162,0.439999998,-0.0379999988,20230607195532,718,0x8,0x4,19.7399998,24.9133644,0.0452687852,0.114301272,6.50649599e-05,30,1.00800002,1
1879,718208400000712,236421862,2460118.71905104,60118.2186227,18.0462685,0.0342297144,0,zr,206.0255365,39.4715742,1.42299998,0.0879999995,20230623218623,718,0x8,0x4,20.7299995,26.2659206,0.0282643754,0.122110181,2.33101346e-05,30,1.06299996,1
1880,718208400000712,236827061,2460122.7707662266,60122.2706134,18.0413399,0.0341194645,0,zr,206.0255465,39.4715606,1.49899995,0.00400000019,20230627270567,718,0x8,0x4,20.4500008,26.2433586,0.0314175189,0.134541318,2.83466379e-05,30,1.25199997,1
1881,718208400000712,237432605,2460128.8257950232,60128.3260532,18.0387478,0.0340616889,0,zr,206.0255642,39.4715284,0.294999987,-0.00700000022,20230703326018,718,0x8,0x4,19.8199997,26.142952,0.0408220403,0.143466979,4.89919003e-05,30,1.79799998,1
1882,718208400000712,253551755,2460290.0166461333,60289.5175579,18.0781174,0.0349544026,32768,zr,206.0254498,39.4715946,0.915000021,0.133000001,20231211517558,718,0x8,0x4,19.2000008,24.447504,0.0521312729,0.113808908,0.000135931507,30,1.48500001,1
1883,718208400000712,260943403,2460363.937628976,60363.4340394,17.9099941,0.0313592441,0,zr,206.0255787,39.4715418,1.07799995,0.0920000002,20240223434039,718,0x8,0x4,19.25,25.9533157,0.0434294753,0.124658249,7.40724499e-05,30,1.03900003,1
1884,718208400040645,46535699,2458219.8610297204,58219.3569907,20.4353638,0.165347576,0,zr,206.0261897,39.471098,0.690999985,-0.0179999992,20180411356979,718,0x8,0x4,20.8400002,26.2412128,0.0415611826,0.138804957,4.84913071e-05,30,1.00800002,2
1885,718208400040645,47033645,2458224.8403918766,58224.3364583,17.9694939,0.032567855,32768,zr,206.0257522,39.4715474,1.03400004,0.0949999988,20180416336458,718,0x8,0x4,18.8299999,24.5631084,0.0481165871,0.123493165,0.00013778705,30,1.00800002,2
1886,718208400040645,47623486,2458230.738634401,58230.2348611,18.0047035,0.0333153494,32768,zr,206.0256087,39.4714636,0.519999981,-0.104999997,20180422234780,718,0x8,0x4,18.8500004,24.4461975,0.0773433894,0.122661859,0.000357533339,30,1.11399996,2
1887,718208400040645,50330900,2458257.811611319,58257.3090046,20.4953537,0.16860655,0,zr,206.026017,39.4716164,0.476000011,-0.0769999996,20180519308981,718,0x8,0x4,20.9099998,26.1751919,0.0388695672,0.129752338,4.23677884e-05,30,1.05499995,2
1888,718208400040645,144151859,2459196.017808019,59195.5185995,18.0223579,0.0336994529,0,zr,206.0257132,39.4715359,1.19200003,-0.0179999992,20201212518600,718,0x8,0x4,19.8500004,26.0931873,0.0383586362,0.126618579,4.27388404e-05,30,1.44200003,1
1889,718208400040645,209812033,2459852.616484629,59852.1203356,17.9682255,0.0325413868,32768,zr,206.025665,39.4714908,0.430000007,0.128000006,20220930120324,718,0x8,0x4,18.7000008,24.9850559,0.0940843821,0.11192105,0.000627339236,30,2.44799995,2
1890,718308400016267,47338388,2458227.8877443434,58227.3838889,17.8540077,0.0323218331,0,zi,206.0254106,39.4716388,1.24699998,0.075000003,20180419383866,718,0x8,0x4,20.2099991,25.6840076,0.028342383,0.198081329,2.4930232e-05,30,1.04499996,2
1891,718308400016267,47832376,2458232.8274693023,58232.3237616,17.9514256,0.0343443453,0,zi,206.0254337,39.4715775,1.32099998,0.165999994,20180424323681,718,0x8,0x4,20.5,25.6674252,0.0326923728,0.197710261,3.22927117e-05,30,1.00800002,2
1892,718308400016267,49038134,2458244.884587516,58244.3813426,17.9109745,0.0334827788,0,zi,206.0255057,39.4715528,1.68299997,0.181999996,20180506381238,718,0x8,0x4,20.8199997,25.6829739,0.0297717452,0.184410408,2.72443685e-05,30,1.13900006,2
1893,718308400016267,49530266,2458249.8056798675,58249.302662,17.8643475,0.0325280949,0,zi,206.02533,39.4716964,0.731999993,-0.0939999968,20180511302639,718,0x8,0x4,19.5599995,25.6593475,0.0390896462,0.188842386,6.03904991e-05,30,1.02100003,2
1894,718308400016267,50016196,2458254.664741686,58254.1619676,17.8374348,0.0319952965,0,zi,206.0253933,39.4717812,1.17700005,0.0199999996,20180516161956,718,0x8,0x4,20.0,25.722435,0.029663505,0.177508652,2.87059065e-05,30,1.13399994,2
1895,718308400016267,50717465,2458261.677044532,58261.1746528,17.9400864,0.0340996385,0,zi,206.0254938,39.4715492,1.52499998,0.216000006,20180523174641,718,0x8,0x4,20.3199997,25.6260853,0.0306532979,0.187148988,2.87299117e-05,30,1.06099999,1
1896,718308400016267,50720645,2458261.708848228,58261.2064583,17.9309654,0.0339046158,0,zi,206.0254617,39.4715599,0.870000005,0.128000006,20180523206458,718,0x8,0x4,20.1800003,25.6329651,0.0340450034,0.19328931,3.60099148e-05,30,1.01999998,1
1897,718308400016267,50933136,2458263.8336333325,58263.3313657,17.9420853,0.0341426022,0,zi,206.0254611,39.471582,1.13100004,0.105999999,20180525331354,718,0x8,0x4,20.0499992,25.6700859,0.0330442414,0.183914855,3.17891609e-05,30,1.14499998,2
1898,718308400016267,51324251,2458267.7445473927,58267.2425116,17.9531097,0.0343809091,0,zi,206.0255034,39.4715833,1.58399999,0.215000004,20180529242442,718,0x8,0x4,20.3099995,25.6411095,0.029507678,0.182596669,2.68025833e-05,30,1.01300001,2
1899,718308400016267,51834096,2458272.842682152,58272.3409606,17.9180927,0.0336321108,0,zi,206.0254756,39.4715443,1.86600006,0.246999994,20180603340961,718,0x8,0x4,20.5900002,25.638092,0.0245059524,0.188537195,1.82637104e-05,30,1.278,2
1900,718308400016267,52317927,2458277.6806836086,58277.1792708,17.9422684,0.034146551,0,zi,206.0254912,39.471558,1.63199997,0.135000005,20180608179259,718,0x8,0x4,20.8700008,25.6692677,0.0242786482,0.189707771,1.80148854e-05,30,1.00999999,2
1901,718308400016267,52817960,2458282.680691412,58282.1796065,17.8631687,0.0325044841,0,zi,206.0254784,39.4715576,1.05999994,0.123000003,20180613179606,718,0x8,0x4,20.9899998,25.6901684,0.0478415303,0.174215049,6.68066205e-05,30,1.00699997,2
1902,718308400016267,53417876,2458288.6794447647,58288.1787616,18.0279675,0.0360630229,0,zi,206.0254842,39.4715751,1.15799999,0.167999998,20180619178634,718,0x8,0x4,20.8199997,25.6729679,0.0279106703,0.186846495,2.31936301e-05,30,1.00999999,2
1903,718308400016267,53818655,2458292.686962645,58292.1865509,17.9382629,0.0340605378,0,zi,206.0254533,39.4715849,0.769999981,0.0970000029,20180623186493,718,0x8,0x4,20.4500008,25.6792622,0.0246572439,0.185033411,1.82072581e-05,30,1.02100003,2
1904,718308400016267,54530009,2458299.8000208465,58299.3000926,17.9533386,0.0343858823,0,zi,206.0254805,39.4715663,1.28900003,0.164000005,20180630300093,718,0x8,0x4,20.2600002,25.5783386,0.0265976228,0.188450038,2.11138631e-05,30,1.48000002,2
1905,718308400016267,56621523,2458320.713783456,58320.2152315,18.030262,0.036116384,0,zi,206.0254738,39.4715493,1.67999995,0.421999991,20180721215208,718,0x8,0x4,20.6499996,25.6152611,0.0416945703,0.199936122,5.32254053e-05,30,1.30599999,2
1906,718308400016267,78439409,2458538.897731545,58538.3940972,17.7355785,0.0300943423,32768,zi,206.0255658,39.4715281,0.588,0.0649999976,20190224394086,718,0x8,0x4,19.1599998,24.6035786,0.0369610898,0.172848701,4.58723189e-05,30,1.10599995,2
1907,718308400016267,79344806,2458547.9519765195,58547.4480671,17.8293915,0.0318386033,0,zi,206.0254439,39.4715626,0.65200001,0.0219999999,20190305448067,718,0x8,0x4,20.4500008,25.6543903,0.028834274,0.197653949,2.52599311e-05,30,1.00800002,2
1908,718308400016267,80240502,2458556.909113117,58556.4050231,17.7436905,0.0302392505,0,zi,206.0254777,39.4716529,0.921999991,0.0769999996,20190314405012,718,0x8,0x4,19.8400002,25.6506901,0.032120835,0.194207758,3.05246358e-05,30,1.01600003,2
1909,718308400016267,80631032,2458560.814463329,58560.3103241,17.8930511,0.0331109799,0,zi,206.0254391,39.4715601,0.398000002,0.0140000004,20190318310312,718,0x8,0x4,20.3799992,25.6590519,0.0235525947,0.19159767,1.68908173e-05,30,1.17700005,2
1910,718308400016267,81334182,2458567.846010997,58567.3418287,17.8814316,0.0328731872,0,zi,206.0254924,39.4715553,1.14199996,0.0890000015,20190325341817,718,0x8,0x4,20.5599995,25.6274319,0.0205830075,0.190895572,1.32213754e-05,30,1.05200005,2
1911,718308400016267,81823598,2458572.7401612545,58572.2359838,17.8543034,0.0323277004,32768,zi,206.0254454,39.4715461,0.755999982,0.137999997,20190330235984,718,0x8,0x4,19.7600002,24.9523029,0.0386054479,0.191170558,4.50276821e-05,30,1.37100005,2
1912,718308400016267,83230768,2458586.811691116,58586.3076852,17.8506546,0.0322553851,0,zi,206.0255057,39.4715711,1.62100005,0.152999997,20190413307662,718,0x8,0x4,20.9200001,25.6016541,0.0218947269,0.181703836,1.45524509e-05,30,1.02900004,2
1913,718308400016267,83730145,2458591.80534892,58591.3014583,17.8688087,0.0326176882,0,zi,206.0254254,39.4715895,0.966000021,0.0780000016,20190418301458,718,0x8,0x4,19.1499996,25.3598099,0.0456970893,0.184508115,7.43689307e-05,30,1.02199996,2
1914,718308400016267,84236146,2458596.8652162408,58596.3614699,17.8310146,0.0318701193,0,zi,206.0254969,39.4715343,1.46599996,0.172999993,20190423361447,718,0x8,0x4,20.9599991,25.6460152,0.020863777,0.183271065,1.35259806e-05,30,1.02900004,2
1915,718308400016267,86235388,2458616.856818374,58616.3538889,17.8170509,0.0316004232,0,zi,206.0255038,39.4715497,1.255,0.123999998,20190513353877,718,0x8,0x4,20.7800007,25.5870514,0.0220049247,0.177637935,1.50483756e-05,30,1.11399996,2
1916,718308400016267,87342659,2458627.9289318128,58627.4265972,17.8314419,0.0318784378,0,zi,206.0255089,39.4715573,1.39100003,0.109999999,20190524426597,718,0x8,0x4,20.7600002,25.5564423,0.0208859313,0.187980324,1.3030869e-05,30,1.70099998,2
1917,718308400016267,88118010,2458635.681976139,58635.1801042,17.8390713,0.0320273265,0,zi,206.0255142,39.4715355,1.72300005,0.180999994,20190601180058,718,0x8,0x4,20.9799995,25.6270714,0.0180686507,0.182659894,1.02142048e-05,30,1.023,2
1918,718308400016267,88520319,2458639.7048141505,58639.2031944,17.7548313,0.0304400306,0,zi,206.0254999,39.471558,1.69200003,0.126000002,20190605203183,718,0x8,0x4,21.3199997,25.6308308,0.0242443103,0.175768197,1.84466753e-05,30,1.00800002,2
1919,718308400016267,88922019,2458643.7215581327,58643.2201968,17.8518391,0.0322788246,0,zi,206.025529,39.4715439,0.838,0.0909999982,20190609220197,718,0x8,0x4,20.9699993,25.6268387,0.0221379977,0.191684753,1.61854896e-05,30,1.01800001,2
1920,718308400016267,89429368,2458648.794708061,58648.2936806,17.8730431,0.0327030644,0,zi,206.0255201,39.471544,1.15199995,0.159999996,20190614293681,718,0x8,0x4,20.5,25.5930424,0.0225963891,0.185446575,1.65762358e-05,30,1.20099998,2
1921,718308400016267,89823731,2458652.738078489,58652.2373148,17.8016605,0.0313071385,0,zi,206.0255034,39.4715444,1.15799999,0.172000006,20190618237303,718,0x8,0x4,20.5300007,25.571661,0.0225137211,0.186168104,1.62966808e-05,30,1.07299995,2
1922,718308400016267,90317386,2458657.674295672,58657.1738657,17.8551464,0.0323444717,0,zi,206.0255117,39.4715555,0.730000019,0.0989999995,20190623173819,718,0x8,0x4,20.75,25.585146,0.0207330007,0.184995666,1.34254988e-05,30,1.01300001,2
1923,718308400016267,90717398,2458661.6741395527,58661.1739815,17.8634853,0.032510832,0,zi,206.0254973,39.4715555,1.59500003,0.130999997,20190627173958,718,0x8,0x4,20.4599991,25.6074848,0.0216683093,0.185312256,1.55360849e-05,30,1.01999998,2
1924,718308400016267,91529913,2458669.798738824,58669.2991319,17.8448486,0.0321407616,0,zi,206.0255187,39.4715406,1.43599999,0.171000004,20190705299132,718,0x8,0x4,20.6200008,25.5948486,0.0204243418,0.182801172,1.27071053e-05,30,1.57599998,2
1925,718308400016267,107451387,2458829.0133143,58828.5138773,17.8072929,0.031413991,0,zi,206.0255322,39.4715514,0.626999974,0.0329999998,20191211513866,718,0x8,0x4,20.4899998,26.8972931,0.0176281966,0.191702336,9.77528362e-06,90,1.51400006,2
1926,718308400016267,107451503,2458829.014471778,58828.5150347,17.8546906,0.0323354006,0,zi,206.0255376,39.4715441,1.42200005,0.136000007,20191211515023,718,0x8,0x4,20.6399994,26.9126892,0.018211145,0.188486665,1.06934149e-05,90,1.505,2
1927,718308400016267,107649645,2458830.9960300205,58830.4964583,17.8710403,0.0326626375,0,zi,206.0255099,39.4715427,1.38699996,0.141000003,20191213496447,718,0x8,0x4,21.1200008,26.9500408,0.0356806032,0.188566625,4.19820462e-05,90,1.61899996,2
1928,718308400016267,107649760,2458830.997175999,58830.4976042,17.8418617,0.0320820473,0,zi,206.0255248,39.4715493,1.64400005,0.172000006,20191213497604,718,0x8,0x4,21.0599995,26.9478626,0.021146128,0.186725557,1.44768337e-05,90,1.60800004,2
1929,718308400016267,107750680,2458832.0064464468,58831.5068056,17.8084068,0.0314351991,0,zi,206.0255212,39.4715496,0.60799998,0.0480000004,20191214506782,718,0x8,0x4,20.3500004,26.8854065,0.0175840203,0.18938531,9.68088079e-06,90,1.505,2
1930,718308400016267,108254135,2458837.0413432657,58836.5413542,17.881115,0.0328667499,0,zi,206.0255244,39.4715414,1.30900002,0.166999996,20191219541331,718,0x8,0x4,21.0699997,27.018116,0.03060163,0.178296372,2.99264357e-05,90,1.22500002,2
1931,718308400016267,109553353,2458850.0344308047,58849.5335301,17.8386192,0.032018479,0,zi,206.0255247,39.4715554,1.60699999,0.186000004,20200101533530,718,0x8,0x4,20.8199997,26.6016178,0.0245123878,0.182684064,1.98060643e-05,90,1.12899995,2
1932,718308400016267,110138376,2458855.8847216438,58855.3837616,17.7889099,0.0310673025,0,zi,206.0254853,39.4715668,0.832000017,0.0710000023,20200107383727,718,0x8,0x4,19.9799995,25.6569099,0.0325801894,0.185518086,3.43229403e-05,30,2.23000002,2
1933,718308400016267,110140929,2458855.9102558247,58855.409294,17.8045712,0.0313622877,0,zi,206.0255161,39.4715639,0.799000025,0.0649999976,20200107409282,718,0x8,0x4,20.4899998,25.7005711,0.024787752,0.184784472,1.98105226e-05,30,1.82700002,2
1934,718308400016267,110539240,2458859.8936414607,58859.3924074,17.8735809,0.0327139497,0,zi,206.0255234,39.4715907,1.74899995,0.196999997,20200111392407,718,0x8,0x4,20.1000004,25.6665802,0.0252985023,0.185524702,2.00852883e-05,30,1.90600002,2
1935,718308400016267,110540633,2458859.9075660105,58859.406331,17.8465729,0.0321747474,0,zi,206.0255869,39.4715393,1.08800006,0.166999996,20200111406319,718,0x8,0x4,20.1800003,25.6725731,0.0240141694,0.189190343,1.70399344e-05,30,1.73199999,2
1936,718308400016267,110740302,2458861.904737623,58861.4030208,17.7779312,0.030863069,0,zi,206.0255894,39.4715883,0.456,0.00499999989,20200113403021,718,0x8,0x4,19.4500008,26.8579311,0.0313675962,0.190879643,2.97264123e-05,90,1.70799994,2
1937,718308400016267,110743326,2458861.9349827794,58861.4332639,17.7738266,0.0307872407,0,zi,206.0255292,39.4715365,1.22300005,0.0209999997,20200113433264,718,0x8,0x4,19.8899994,26.8698254,0.0215756651,0.191495419,1.47489482e-05,90,1.44200003,2
1938,718308400016267,110850774,2458863.009533851,58862.5077431,17.791893,0.0311231762,0,zi,206.025511,39.4715587,0.83099997,0.0839999989,20200114507743,718,0x8,0x4,20.8600006,26.9968929,0.0203085635,0.176304713,1.32069836e-05,90,1.10399997,2
1939,718308400016267,110854072,2458863.0425221585,58862.5407292,17.8092785,0.031451799,0,zi,206.0255412,39.4715662,0.776000023,0.0480000004,20200114540729,718,0x8,0x4,20.5799999,26.9232788,0.0161741469,0.188791558,7.99474037e-06,90,1.04200006,2
1940,718308400016267,110951804,2458864.0199018787,58863.518044,17.7846527,0.0309878625,0,zi,206.0255035,39.4715707,1.79700005,0.137999997,20200115517998,718,0x8,0x4,21.2700005,27.0266533,0.0340050161,0.168391526,3.67826506e-05,90,1.07500005,2
1941,718308400016267,111053744,2458865.0393672884,58864.5374421,17.7858582,0.0310103223,0,zi,206.0255155,39.4715477,1.648,0.150999993,20200116537431,718,0x8,0x4,21.3899994,27.0208588,0.0341594554,0.182957262,3.8969356e-05,90,1.03900003,2
1942,718308400016267,111056021,2458865.0621465934,58864.5602199,17.8161278,0.031582702,0,zi,206.0254959,39.4715629,1.58500004,0.203999996,20200116560174,718,0x8,0x4,21.3799992,27.0071278,0.0201005749,0.182134315,1.26671703e-05,90,1.01600003,2
1943,718308400016267,111247166,2458866.973718324,58866.4716667,17.7922363,0.0311296154,0,zi,206.025519,39.4715625,1.09099996,0.0909999982,20200118471667,718,0x8,0x4,20.9200001,26.9512367,0.022729557,0.182695851,1.66915888e-05,90,1.17799997,2
1944,718308400016267,111351934,2458868.021459722,58867.5193403,17.8661194,0.0325636305,0,zi,206.0255082,39.4715617,1.39999998,0.164000005,20200119519190,718,0x8,0x4,21.1900005,26.9931202,0.0193128157,0.186888352,1.17641321e-05,90,1.05299997,2
1945,718308400016267,111356289,2458868.065015736,58867.5628935,17.8324051,0.0318971761,0,zi,206.0255021,39.4715496,1.30999994,0.0979999974,20200119562894,718,0x8,0x4,21.2099991,26.9584064,0.0162201747,0.186056972,8.29327655e-06,90,1.01100004,2
1946,718308400016267,111734475,2458871.847118908,58871.3447569,17.8490028,0.0322227068,0,zi,206.0254957,39.4715607,0.80400002,0.0450000018,20200123344745,718,0x8,0x4,20.2700005,26.8430042,0.0198352709,0.193651438,1.22880274e-05,90,2.14199996,2
1947,718308400016267,111755575,2458872.058127582,58871.5557523,17.794075,0.0311641209,0,zi,206.0255255,39.4715564,1.44400001,0.0820000023,20200123555752,718,0x8,0x4,20.8600006,26.9560757,0.014409693,0.18749325,6.54015821e-06,90,1.00899994,2
1948,718308400016267,111850732,2458873.009760675,58872.5073264,17.7828026,0.0309534296,32768,zi,206.0255112,39.4715574,1.07799995,0.114,20200124507292,718,0x8,0x4,20.5300007,25.9178028,0.0377494916,0.190713763,4.63349897e-05,90,1.04999995,2
1949,718308400016267,111852709,2458873.0295304,58872.5270949,17.773941,0.0307893492,0,zi,206.0255096,39.4715763,1.14199996,0.129999995,20200124527072,718,0x8,0x4,21.2800007,26.8029423,0.019434711,0.184072286,1.19456454e-05,90,1.02600002,2
1950,718308400016267,111946667,2458873.9691713927,58873.4666782,17.8418579,0.0320819542,0,zi,206.0255235,39.471547,0.822000027,0.0700000003,20200125466678,718,0x8,0x4,21.3500004,27.0078583,0.0358007774,0.17795974,4.3349668e-05,90,1.13300002,2
1951,718308400016267,111948652,2458873.989022216,58873.4865278,17.8849144,0.0329442061,0,zi,206.0255304,39.471553,1.26199996,0.136999995,20200125486528,718,0x8,0x4,21.2299995,26.9949131,0.033352688,0.184341133,3.50094306e-05,90,1.08399999,2
1952,718308400016267,112135270,2458875.855315601,58875.3527083,17.6791611,0.0291164052,0,zi,206.0255585,39.4715266,0.893000007,-0.0179999992,20200127352708,718,0x8,0x4,20.1399994,26.8361607,0.0213782452,0.199664697,1.47093006e-05,90,1.852,2
1953,718308400016267,112141076,2458875.9133747304,58875.4107639,17.7659702,0.0306428876,0,zi,206.0255567,39.4715451,1.11800003,0.00999999978,20200127410752,718,0x8,0x4,20.6299992,26.88097,0.0171442274,0.198308647,9.34805939e-06,90,1.34300005,2
1954,718308400016267,112247896,2458876.9816443906,58876.4789699,17.8087692,0.0314420983,0,zi,206.0255072,39.4715507,0.819999993,0.0900000036,20200128478958,718,0x8,0x4,21.5400009,27.0297699,0.0256184004,0.17448543,2.17082688e-05,90,1.08200002,2
1955,718308400016267,112342711,2458877.9298483827,58877.4271181,17.8105736,0.031476479,0,zi,206.0255498,39.4715459,0.75999999,0.0520000011,20200129427118,718,0x8,0x4,21.0799999,26.9195747,0.0152549231,0.188142031,7.15643773e-06,90,1.23500001,2
1956,718308400016267,112346439,2458877.967130587,58877.4643981,17.8056793,0.0313833356,0,zi,206.0255342,39.4715452,1.50800002,0.0689999983,20200129464387,718,0x8,0x4,21.1599998,26.9536781,0.0215837322,0.188551635,1.4722611e-05,90,1.11000001,2
1957,718308400016267,112443739,2458878.940184888,58878.4373958,17.7999039,0.0312739387,0,zi,206.0255274,39.4715678,0.847000003,0.0359999985,20200130437280,718,0x8,0x4,20.9799995,26.9239044,0.0177918635,0.18828246,9.9799754e-06,90,1.18400002,2
1958,718308400016267,112446693,2458878.9697237117,58878.4669329,17.7820396,0.0309392512,0,zi,206.025529,39.4715583,1.12300003,0.0500000007,20200130466921,718,0x8,0x4,20.8600006,26.9080391,0.0143595692,0.187137589,6.29761917e-06,90,1.097,2
1959,718308400016267,112543581,2458879.938656685,58879.4358102,17.7810249,0.0309204105,0,zi,206.025505,39.4715582,1.09200001,0.0120000001,20200131435787,718,0x8,0x4,20.4500008,26.8940239,0.0174589176,0.188574716,9.63234379e-06,90,1.17999995,2
1960,718308400016267,112545694,2458879.959792101,58879.4569444,17.7461739,0.0302838255,0,zi,206.0255408,39.4715168,1.09899998,-0.00300000003,20200131456933,718,0x8,0x4,20.3799992,26.8961735,0.0212087501,0.187037364,1.47523651e-05,90,1.11500001,2
1961,718308400016267,112655599,2458881.058905445,58880.5559954,17.8296814,0.0318442248,0,zi,206.0255114,39.4715397,2.46499991,0.171000004,20200201555995,718,0x8,0x4,21.4300003,27.0066814,0.0222266503,0.187775612,1.5826321e-05,90,1.00999999,2
1962,718308400016267,112656688,2458881.069797254,58880.5668866,17.8323555,0.0318962038,0,zi,206.0255425,39.4715486,1.63499999,0.179000005,20200201566817,718,0x8,0x4,21.2399998,26.9933567,0.0190707408,0.189158201,1.14653467e-05,90,1.01499999,2
1963,718308400016267,112742432,2458881.92728732,58881.4243287,17.8281269,0.0318140648,0,zi,206.0255111,39.4715606,0.91900003,0.057,20200202424329,718,0x8,0x4,21.1499996,26.9601269,0.0203461405,0.189440489,1.32352488e-05,90,1.20200002,2
1964,718308400016267,112756820,2458882.071172648,58881.568206,17.8678341,0.0325980932,0,zi,206.0255218,39.471567,1.56400001,0.148000002,20200202568160,718,0x8,0x4,21.2299995,27.0268345,0.0297832731,0.181360677,2.89747622e-05,90,1.01800001,2
1965,718308400016267,112937488,2458883.877949968,58883.3748843,17.8383141,0.032012511,0,zi,206.0255719,39.4715626,0.871999979,0.0419999994,20200204374792,718,0x8,0x4,20.5100002,26.8613129,0.0162833985,0.188422963,8.11756581e-06,90,1.43099999,2
1966,718308400016267,112939133,2458883.8943975726,58883.391331,17.8051491,0.0313732661,0,zi,206.0255522,39.4715501,1.22000003,0.0579999983,20200204391319,718,0x8,0x4,20.5499992,26.8621502,0.0157975797,0.186576396,7.85511838e-06,90,1.329,2
1967,718308400016267,113039122,2458884.8943471964,58884.3912269,17.803587,0.0313436203,0,zi,206.025573,39.4715669,0.625,0.00400000019,20200205391227,718,0x8,0x4,20.4500008,26.9005871,0.0182688497,0.189446315,1.07675369e-05,90,1.31500006,2
1968,718308400016267,113041215,2458884.915274229,58884.4121528,17.811182,0.0314881019,0,zi,206.025539,39.4715645,0.954999983,0.0320000015,20200205412130,718,0x8,0x4,20.6599998,26.9161816,0.0152957933,0.187270328,7.35736467e-06,90,1.21700001,2
1969,718308400016267,113139140,2458885.894573736,58885.3914005,17.783247,0.0309616998,0,zi,206.0255221,39.4715683,0.748000026,0.0520000011,20200206391400,718,0x8,0x4,20.0499992,26.6302471,0.0213441625,0.193828404,1.43120651e-05,90,1.29999995,2
1970,718308400016267,113141346,2458885.9166350095,58885.4134606,17.8389511,0.0320249684,0,zi,206.0255135,39.4715301,0.605000019,0.0109999999,20200206413461,718,0x8,0x4,20.1499996,26.7149506,0.0202322155,0.188904241,1.28259171e-05,90,1.20200002,2
1971,718308400016267,113233282,2458886.836046367,58886.3328241,17.8195248,0.0316479467,0,zi,206.0255209,39.4715563,1.11600006,0.101000004,20200207332824,718,0x8,0x4,20.9200001,26.9965248,0.016203953,0.18116878,8.49098797e-06,90,1.73000002,2
1972,718308400016267,113241244,2458886.9156685458,58886.4124421,17.8124275,0.031511873,0,zi,206.0255252,39.4715504,1.56900001,0.162,20200207412419,718,0x8,0x4,21.1000004,26.9994278,0.0170819685,0.175955772,9.34919808e-06,90,1.19500005,2
1973,718308400016267,113331855,2458887.8218260542,58887.3185532,17.8423824,0.0320922546,0,zi,206.0255058,39.4715301,1.94099998,0.194999993,20200208318553,718,0x8,0x4,20.7000008,26.9563828,0.01972894,0.180368364,1.25830929e-05,90,1.87100005,2
1974,718308400016267,113435285,2458888.8561838926,58888.3528588,17.9551296,0.0344248489,0,zi,206.0255417,39.4715419,1.37800002,0.177000001,20200209352824,718,0x8,0x4,20.6000004,26.9581299,0.0384761095,0.181501508,4.72478932e-05,90,1.49199998,2
1975,718308400016267,113441035,2458888.913686811,58888.4103588,17.8117599,0.0314991176,0,zi,206.0255254,39.4715543,0.419,0.00200000009,20200209410359,718,0x8,0x4,19.9799995,26.8987598,0.0212266594,0.189837351,1.4256646e-05,90,1.18299997,2
1976,718308400016267,113637290,2458890.876329515,58890.3729051,17.8398075,0.0320417359,0,zi,206.0255204,39.4715683,0.934000015,0.0829999968,20200211372894,718,0x8,0x4,20.3899994,26.9098072,0.025137905,0.186048195,2.16938788e-05,90,1.32500005,2
1977,718308400016267,113638116,2458890.88459382,58890.381169,17.8238602,0.0317315087,0,zi,206.0255205,39.471561,1.24000001,0.0979999974,20200211381157,718,0x8,0x4,20.3199997,26.9118595,0.0203801766,0.188505545,1.35184782e-05,90,1.28299999,2
1978,718308400016267,113739488,2458891.898357599,58891.3948843,17.8336678,0.031921763,0,zi,206.0255452,39.4715416,1.31700003,0.105999999,20200212394873,718,0x8,0x4,20.3700008,26.8976669,0.0210833028,0.191350996,1.40099455e-05,90,1.21000004,2
1979,718308400016267,113740068,2458891.9041564795,58891.4006829,17.848917,0.0322210118,0,zi,206.0255066,39.4715398,1.25399995,0.0810000002,20200212400671,718,0x8,0x4,20.5799999,26.9429169,0.0165680312,0.178019658,8.87168608e-06,90,1.18799996,2
1980,718308400016267,113843538,2458892.9389040098,58892.4353819,17.8533535,0.0323088691,0,zi,206.0255225,39.4715533,1.06099999,0.133000001,20200213435370,718,0x8,0x4,21.1900005,26.9813538,0.0260821469,0.171987936,2.17703091e-05,90,1.08200002,2
1981,718308400016267,113849737,2458893.000897698,58892.4973727,17.8611832,0.0324647799,0,zi,206.025527,39.4715555,1.29700005,0.150999993,20200213497373,718,0x8,0x4,21.1000004,26.9931831,0.0294443555,0.180785581,2.7277365e-05,90,1.00999999,2
1982,718308400016267,113938341,2458893.8869800726,58893.3834144,17.8125687,0.031514585,0,zi,206.025521,39.4715473,1.08099997,0.134000003,20200214383368,718,0x8,0x4,21.3500004,27.0025692,0.0328784622,0.178417832,3.33239113e-05,90,1.23500001,2
1983,718308400016267,113943363,2458893.937202286,58893.4336343,17.8361492,0.031970188,0,zi,206.0255143,39.4715487,1.35500002,0.147,20200214433623,718,0x8,0x4,21.1700001,27.0161495,0.0202732645,0.179233059,1.33163849e-05,90,1.08000004,2
1984,718308400016267,114045432,2458894.957942641,58894.4543287,17.7612019,0.0305557922,0,zi,206.0255324,39.4715388,2.00099993,0.157000005,20200215454317,718,0x8,0x4,21.4599991,26.9802017,0.0155356592,0.182388812,8.25289499e-06,90,1.03999996,2
1985,718308400016267,114129702,2458895.800676534,58895.2970255,17.8142567,0.0315468684,0,zi,206.0255427,39.4715623,1.18499994,0.0610000007,20200216296944,718,0x8,0x4,21.0200005,26.9042568,0.0161882285,0.182946041,8.43982707e-06,90,1.86699998,2
1986,718308400016267,114137262,2458895.876281702,58895.3726273,17.8165665,0.0315911174,0,zi,206.025524,39.4715552,1.08099997,0.138999999,20200216372627,718,0x8,0x4,21.4899998,26.9825668,0.0279186629,0.185142815,2.64294522e-05,90,1.25800002,2
1987,718308400016267,114234934,2458896.853036875,58896.3493403,17.8318825,0.0318869948,0,zi,206.0255185,39.4715412,0.950999975,0.0810000002,20200217349329,718,0x8,0x4,21.5499992,26.9768829,0.0300052017,0.179613099,2.98824943e-05,90,1.36699998,2
1988,718308400016267,114239459,2458896.8982934365,58896.3945949,17.8342991,0.0319340788,0,zi,206.0255293,39.4715635,1.278,0.075000003,20200217394583,718,0x8,0x4,21.2099991,26.9182987,0.0177041311,0.191077605,1.03889925e-05,90,1.16199994,2
1989,718308400016267,115038144,2458904.885454051,58904.3814468,17.808506,0.0314370841,0,zi,206.0255159,39.4715502,1.30700004,0.155000001,20200225381412,718,0x8,0x4,21.4899998,26.9835052,0.0152022829,0.186423913,7.27910492e-06,90,1.13499999,2
1990,718308400016267,115041693,2458904.92094139,58904.4169329,17.8088989,0.0314445533,0,zi,206.0255085,39.4715487,1.69599998,0.100000001,20200225416921,718,0x8,0x4,21.2299995,26.9328995,0.018977955,0.19397077,1.20432032e-05,90,1.05499995,2
1991,718308400016267,115141642,2458905.920465991,58905.4164236,17.7030029,0.0295233745,0,zi,206.0255685,39.4715794,1.32500005,-0.00400000019,20200226416400,718,0x8,0x4,20.1299992,26.8750038,0.0226936676,0.194964141,1.61906464e-05,90,1.05200005,2
1992,718308400016267,115243281,2458906.9368882696,58906.4328125,17.7743816,0.0307974666,0,zi,206.0255225,39.4715716,1.329,0.150999993,20200227432766,718,0x8,0x4,21.3700008,26.947382,0.0193915386,0.182593986,1.21525263e-05,90,1.02699995,2
1993,718308400016267,115254478,2458907.0488594603,58906.5447801,17.7689857,0.0306981709,0,zi,206.0254888,39.4715745,0.851000011,0.0240000002,20200227544768,718,0x8,0x4,20.4699993,26.8429871,0.0172383115,0.191258103,9.61620299e-06,90,1.08000004,2
1994,718308400016267,115441112,2458908.915260185,58908.4111227,17.8292465,0.0318357795,0,zi,206.0255248,39.4715333,1.96899998,0.202000007,20200229411111,718,0x8,0x4,21.5400009,27.007246,0.0352779552,0.189121976,4.11591936e-05,90,1.04700005,2
1995,718308400016267,115730847,2458911.8126921984,58911.3084722,17.7820625,0.0309396703,0,zi,206.0255213,39.471557,0.763000011,0.0350000001,20200303308426,718,0x8,0x4,20.6299992,26.8690624,0.0163288992,0.188309878,8.38404594e-06,90,1.36600006,2
1996,718308400016267,115735283,2458911.857056817,58911.3528356,17.7806606,0.0309136417,0,zi,206.0255753,39.4715419,0.873000026,0.0439999998,20200303352824,718,0x8,0x4,20.7399998,26.8716602,0.0165810939,0.189328715,8.90514821e-06,90,1.16499996,2
1997,718308400016267,115836409,2458912.868344978,58912.3640972,17.83778,0.0320020579,0,zi,206.0255171,39.4715571,1.40900004,0.197999999,20200304364086,718,0x8,0x4,21.1499996,26.9357796,0.0197348204,0.190387994,1.25517554e-05,90,1.12199998,2
1998,718308400016267,115839553,2458912.899780998,58912.3955324,17.7772331,0.0308501385,0,zi,206.0255193,39.4715487,1.50300002,0.165000007,20200304395509,718,0x8,0x4,21.3600006,26.9772339,0.0253432747,0.178536132,2.06264085e-05,90,1.05499995,2
1999,718308400016267,115939312,2458913.897398621,58913.393125,17.8033524,0.0313391909,0,zi,206.0255252,39.4715526,1.76499999,0.208000004,20200305393113,718,0x8,0x4,20.6399994,26.5273533,0.0227662157,0.182963878,1.68400293e-05,90,1.05400002,2
2000,718308400016267,115941776,2458913.9220404318,58913.4177662,17.7797546,0.030896835,0,zi,206.0255032,39.4715562,1.69799995,0.140000001,20200305417743,718,0x8,0x4,20.8999996,26.7397556,0.0209623929,0.179749712,1.41619412e-05,90,1.023,2
2001,718308400016267,116030890,2458914.8131960537,58914.3089005,17.762331,0.0305763725,0,zi,206.0255177,39.4715336,1.97000003,0.224999994,20200306308889,718,0x8,0x4,21.1800003,26.9333305,0.0259569716,0.177358389,2.09531245e-05,90,1.31700003,2
2002,718308400016267,116032984,2458914.8341455567,58914.3298495,17.9064865,0.0333891064,0,zi,206.0255535,39.4715554,1.15400004,0.182999998,20200306329838,718,0x8,0x4,20.8099995,26.7244854,0.0273722652,0.178933576,2.3767303e-05,90,1.21899998,2
2003,718308400016267,116132768,2458915.832004091,58915.3276852,17.896904,0.0331903845,0,zi,206.0255281,39.4715425,1.00699997,0.114,20200307327685,718,0x8,0x4,20.9200001,26.9359035,0.0351337045,0.183598772,3.95125971e-05,90,1.21700001,2
2004,718308400016267,116134063,2458915.8449557875,58915.3406366,17.8389626,0.0320251994,0,zi,206.0255314,39.4715422,1.60899997,0.135000005,20200307340625,718,0x8,0x4,20.5799999,26.8129616,0.0334789418,0.177366048,3.59559672e-05,90,1.16900003,2
2005,718308400016267,116333331,2458917.837671536,58917.3333102,17.6976948,0.029431995,32768,zi,206.0256005,39.4714754,0.39199999,0.167999998,20200309333241,718,0x8,0x4,18.1000004,26.0836945,0.117035493,0.176433727,0.00061120122,90,1.17499995,2
2006,718308400016267,118238877,2458936.8933014814,58936.3887731,17.8140621,0.0315431543,0,zi,206.0255205,39.4715401,0.949999988,0.0879999995,20200328388576,718,0x8,0x4,21.3799992,27.0300617,0.0387494452,0.175329298,5.06067154e-05,90,1.00800002,2
2007,718308400016267,118631841,2458940.822923222,58940.3184144,17.8320808,0.0318908691,32768,zi,206.0255054,39.4715424,1.12600005,0.109999999,20200401318391,718,0x8,0x4,19.9799995,25.731081,0.0304319952,0.180382639,2.84445869e-05,90,1.05599999,2
2008,718308400016267,118733165,2458941.8361559147,58941.3316551,17.8546009,0.0323336236,0,zi,206.0255221,39.4715536,1.10899997,0.116999999,20200402331655,718,0x8,0x4,21.0699997,26.9446011,0.0190193206,0.188132271,1.15202902e-05,90,1.03299999,2
2009,718308400016267,118735435,2458941.858852525,58941.3543519,17.8763847,0.0327706933,0,zi,206.0255293,39.4715501,1.29999995,0.137999997,20200402354352,718,0x8,0x4,21.1499996,26.9433842,0.0216799583,0.181782022,1.49896359e-05,90,1.01400006,2
2010,718308400016267,119028898,2458944.7934520384,58944.2889815,17.8844833,0.0329353958,0,zi,206.0255181,39.4715377,1.58299994,0.171000004,20200405288935,718,0x8,0x4,20.7299995,26.9164829,0.0288306493,0.184301361,2.74283339e-05,90,1.09200001,2
2011,718308400016267,119029756,2458944.802039837,58944.2975694,17.7894516,0.0310774483,0,zi,206.0255289,39.4715606,1.324,0.133000001,20200405297546,718,0x8,0x4,20.9500008,26.9654522,0.0282235332,0.175475135,2.48379692e-05,90,1.074,2
2012,718308400016267,119946528,2458953.969254782,58953.4652894,17.8305092,0.0318602957,0,zi,206.0254968,39.4715482,1.27400005,0.0850000009,20200414465289,718,0x8,0x4,20.4799995,25.6475086,0.0232460368,0.195108399,1.74588276e-05,30,1.22899997,2
2013,718308400016267,119948071,2458953.984682623,58953.4807176,17.9516277,0.0343487412,0,zi,206.0254925,39.4715731,1.03600001,0.0850000009,20200414480718,718,0x8,0x4,20.6800003,25.6536274,0.031329751,0.194051445,3.26808658e-05,30,1.301,2
2014,718308400016267,120031979,2458954.8237375966,58954.3197917,17.9012146,0.0332795605,0,zi,206.0255326,39.4715452,1.83800006,0.209999993,20200415319780,718,0x8,0x4,21.2999992,25.7052155,0.0223594289,0.19417572,1.56967908e-05,30,1.01300001,2
2015,718308400016267,120035978,2458954.863725061,58954.3597801,17.8830929,0.0329070389,0,zi,206.0255581,39.4715334,1.62800002,0.182999998,20200415359734,718,0x8,0x4,21.2000008,25.6920929,0.0189830381,0.191848323,1.12744592e-05,30,1.01300001,2
2016,718308400016267,120136656,2458955.8704833603,58955.3665625,17.8667793,0.0325768963,0,zi,206.0255105,39.4715327,1.44500005,0.112999998,20200416366285,718,0x8,0x4,20.6700001,25.6837788,0.0198425036,0.195863485,1.23199752e-05,30,1.01900005,2
2017,718308400016267,120138165,2458955.8855755823,58955.3816551,17.9142151,0.0335506275,0,zi,206.0255243,39.4715795,1.62100005,0.166999996,20200416381655,718,0x8,0x4,21.0400009,25.6912155,0.0233398322,0.188150734,1.77062138e-05,30,1.03299999,2
2018,718308400016267,120838790,2458962.891627297,58962.3879051,17.8472176,0.032187447,0,zi,206.0255273,39.4715544,2.07500005,0.238000005,20200423387882,718,0x8,0x4,21.0499992,25.6922169,0.0210591331,0.182209328,1.47328119e-05,30,1.07200003,2
2019,718308400016267,121230325,2458966.806841313,58966.3032523,17.8790226,0.0328241885,32768,zi,206.025524,39.4715591,1.15900004,0.175999999,20200427303252,718,0x8,0x4,20.4200001,25.0000229,0.0265770312,0.183279037,2.22521303e-05,30,1.00800002,2
2020,718308400016267,121632629,2458970.82973262,58970.3262963,17.8576069,0.0323934294,0,zi,206.025491,39.4715434,1.13399994,0.140000001,20200501326285,718,0x8,0x4,20.8099995,25.7406063,0.0190386605,0.181774065,1.19610904e-05,30,1.01900005,2
2021,718308400016267,122039789,2458974.901159789,58974.3978935,17.9904823,0.0352066234,0,zi,206.0255397,39.4715519,0.791000009,0.224000007,20200505397882,718,0x8,0x4,20.5499992,25.704483,0.0234490447,0.178027764,1.86534653e-05,30,1.18900001,2
2022,718308400016267,122432925,2458978.8323475667,58978.3292593,17.9199352,0.033670906,0,zi,206.0255266,39.471546,1.79100001,0.261999995,20200509329167,718,0x8,0x4,20.6599998,25.6769352,0.0294849444,0.189613864,2.81463799e-05,30,1.04700005,2
2023,718308400016267,124034085,2458994.843095096,58994.3408565,17.8997326,0.0332488678,0,zi,206.0255018,39.4715479,1.45099998,0.197999999,20200525340856,718,0x8,0x4,21.0400009,25.6877327,0.0221104641,0.179780141,1.62466658e-05,30,1.18099999,2
2024,718308400016267,125529885,2459009.8001622166,59009.2988542,17.9116211,0.0334962904,0,zi,206.0254759,39.4715364,0.382999986,0.0140000004,20200609298854,718,0x8,0x4,20.2299995,25.7256222,0.0254517738,0.189002514,2.14740612e-05,30,1.17700005,2
2025,718308400016267,125925741,2459013.7584663075,59013.257419,17.9253426,0.033785183,0,zi,206.0255169,39.4715534,1.34800005,0.169,20200613257419,718,0x8,0x4,21.2399998,25.7783432,0.0184845589,0.184607193,1.12776079e-05,30,1.09000003,2
2026,718308400016267,126317324,2459017.674026216,59017.1732407,17.9524517,0.0343666188,0,zi,206.0255422,39.4715484,1.61199999,0.201000005,20200617173194,718,0x8,0x4,20.75,25.7374516,0.0233812109,0.18819952,1.84423334e-05,30,1.00800002,2
2027,718308400016267,126828004,2459022.7804864063,59022.2800463,17.9723091,0.0348016396,0,zi,206.0255507,39.4715439,1.04100001,0.194000006,20200622280012,718,0x8,0x4,21.0300007,25.7563095,0.0222395565,0.189280376,1.63547375e-05,30,1.24199998,2
2028,718308400016267,127229679,2459026.7969609494,59026.296794,17.9073257,0.0334065929,0,zi,206.0255176,39.4715606,1.46399999,0.184,20200626296759,718,0x8,0x4,21.0499992,25.7133255,0.0194896888,0.186609372,1.29979626e-05,30,1.38900006,2
2029,718308400016267,127725569,2459031.7555244984,59031.2556944,17.9275284,0.0338315479,0,zi,206.0255302,39.4715342,1.56700003,0.196999997,20200701255648,718,0x8,0x4,20.7299995,25.6605282,0.0245297682,0.185572565,1.95076755e-05,30,1.24300003,2
2030,718308400016267,128123267,2459035.7322352408,59035.2326736,17.9387913,0.034071859,0,zi,206.0255346,39.4715489,1.71200001,0.222000003,20200705232662,718,0x8,0x4,20.5300007,25.6987915,0.0242698584,0.189873755,1.94328204e-05,30,1.19400001,2
2031,718308400016267,128527456,2459039.773851732,59039.2745602,17.8900528,0.0330493823,0,zi,206.0255165,39.4715507,1.54700005,0.157000005,20200709274537,718,0x8,0x4,20.7399998,25.7080517,0.0207610168,0.180752039,1.51403183e-05,30,1.48000002,2
2032,718308400016267,128918259,2459043.6816268293,59043.1825926,17.856739,0.0323761478,0,zi,206.0255231,39.4715436,1.27600002,0.162,20200713182593,718,0x8,0x4,21.0599995,25.6757393,0.0225610528,0.191549659,1.78922619e-05,30,1.10699999,2
2033,718308400016267,129725592,2459051.7544449014,59051.2559259,17.8726654,0.0326954536,0,zi,206.0254939,39.4715648,1.23000002,0.136000007,20200721255926,718,0x8,0x4,20.6299992,25.6656666,0.0225081667,0.184347853,1.69300329e-05,30,1.59899998,2
2034,718308400016267,130125701,2459055.755288312,59055.2570139,17.9319115,0.0339247808,0,zi,206.0255078,39.4715478,1.523,0.238000005,20200725257014,718,0x8,0x4,20.9899998,25.694912,0.0287965052,0.189134911,2.7458269e-05,30,1.72000003,2
2035,718308400016267,130519346,2459059.691502914,59059.1934606,17.9073391,0.0334068649,0,zi,206.0255114,39.4715267,1.824,0.254000008,20200729193461,718,0x8,0x4,20.9200001,25.7523384,0.0240539983,0.189087853,1.85171048e-05,30,1.31200004,2
2036,718308400016267,130919196,2459063.6897837296,59063.1919676,17.8433132,0.0321105532,0,zi,206.0255062,39.4715708,1.64999998,0.202000007,20200802191968,718,0x8,0x4,20.6299992,25.6883125,0.0246330258,0.186762497,2.07126086e-05,30,1.36500001,2
2037,718308400016267,132317407,2459077.671189101,59077.1740741,17.8306675,0.0318633728,32768,zi,206.0255325,39.4715499,0.963,0.158999994,20200816174074,718,0x8,0x4,20.6000004,25.2816677,0.0655863434,0.174697056,0.000150135078,30,1.50600004,2
2038,718308400016267,132715758,2459081.6545257075,59081.157581,17.8942051,0.0331347287,0,zi,206.0254894,39.4715642,1.051,0.123999998,20200820157581,718,0x8,0x4,20.5699997,25.4702053,0.0243715439,0.195591629,1.97421996e-05,30,1.46300006,2
2039,718308400016267,133115063,2459085.6474253936,59085.1506366,17.9063473,0.0333862044,0,zi,206.0255125,39.4715786,1.19599998,0.0610000007,20200824150637,718,0x8,0x4,20.0900002,25.6183472,0.0263578296,0.19881475,2.41332127e-05,30,1.49300003,2
2040,718308400016267,133516332,2459089.659969553,59089.1633218,17.9131184,0.0335276425,0,zi,206.025514,39.4715644,0.597000003,0.0860000029,20200828163322,718,0x8,0x4,20.3099995,25.5271187,0.0231624618,0.192843109,1.80477164e-05,30,1.71099997,2
2041,718308400016267,135513534,2459109.6315459735,59109.1353472,17.8698425,0.03263852,0,zi,206.02552,39.4715384,1.32500005,0.178000003,20200917135336,718,0x8,0x4,20.1800003,25.3358421,0.0277290102,0.201855049,2.39996116e-05,30,2.07200003,2
2042,718308400016267,136511862,2459119.6147672487,59119.1186227,17.8640003,0.0325211473,0,zi,206.0254861,39.4715506,1.45000005,0.159999996,20200927118542,718,0x8,0x4,20.1399994,25.6149998,0.0293225646,0.183726415,2.86244776e-05,30,2.26600003,2
2043,718308400016267,141454890,2459169.046443484,59168.5489005,17.845829,0.0321600847,0,zi,206.0254855,39.4715383,0.963999987,0.0410000011,20201115548866,718,0x8,0x4,20.0100002,25.7098293,0.025164837,0.195469737,1.98973776e-05,30,1.86500001,2
2044,718308400016267,143449101,2459188.989756148,59188.4910185,17.9130478,0.0335261635,0,zi,206.0255362,39.4715646,1.19200003,0.144999996,20201205491019,718,0x8,0x4,20.4200001,25.7380486,0.0296888184,0.190129906,2.92315599e-05,30,1.90900004,2
2045,718308400016267,144753589,2459202.035515103,59201.5358912,17.8789043,0.0328217931,0,zi,206.0255057,39.4715679,1.148,0.123000003,20201218535880,718,0x8,0x4,20.8099995,25.7709045,0.0270405412,0.189727679,2.4908557e-05,30,1.25199997,2
2046,718308400016267,145052776,2459205.0275991648,59204.5277662,17.8655357,0.0325519331,0,zi,206.0255348,39.4715416,1.60300004,0.155000001,20201221527743,718,0x8,0x4,21.0699997,25.7495365,0.0212380588,0.192587122,1.45819295e-05,30,1.25100005,2
2047,718308400016267,146248717,2459216.9878477715,59216.4871759,17.8503017,0.0322484002,0,zi,206.0255209,39.4715553,1.01300001,0.115000002,20210102487164,718,0x8,0x4,20.4099998,25.721302,0.0222939365,0.196962014,1.64345001e-05,30,1.28799999,2
2048,718308400016267,147046366,2459224.964890604,59224.463669,17.7833138,0.030962944,0,zi,206.0255262,39.4715394,0.683000028,-0.00600000005,20210110463669,718,0x8,0x4,20.1200008,25.6873131,0.0248827618,0.188855886,2.05577289e-05,30,1.29700005,2
2049,718308400016267,147353079,2459228.032226772,59227.5307986,17.7821732,0.0309417304,0,zi,206.0255509,39.4715713,0.842000008,0.101000004,20210113530799,718,0x8,0x4,20.8199997,25.6841736,0.0205568504,0.192543596,1.36609533e-05,30,1.05799997,2
2050,718308400016267,147751109,2459232.012790086,59231.5110995,17.8553314,0.0323481448,0,zi,206.0255289,39.4715528,1.49899995,0.131999999,20210117511088,718,0x8,0x4,21.2600002,25.7863312,0.0363824479,0.179137304,4.52178974e-05,30,1.074,2
2051,718308400016267,149547039,2459249.973157015,59249.4703935,17.8686008,0.0326135121,0,zi,206.0255101,39.4715788,0.583999991,0.0850000009,20210204470394,718,0x8,0x4,20.4099998,25.7216015,0.0218057688,0.19178395,1.578296e-05,30,1.05900002,2
2052,718308400016267,150826774,2459262.771120584,59262.2677431,17.7820415,0.0309392959,0,zi,206.0255322,39.4715764,1.04700005,-0.00100000005,20210217267743,718,0x8,0x4,19.9899998,25.6500416,0.0279726237,0.188732073,2.38934408e-05,30,2.26799989,2
2053,718308400016267,151134965,2459265.8531551515,59265.3496528,17.9031219,0.0333191268,0,zi,206.0255059,39.471566,2.21099997,0.221000001,20210220349653,718,0x8,0x4,20.8899994,25.7421227,0.0194024611,0.188689679,1.18926873e-05,30,1.30700004,2
2054,718308400016267,151440571,2459268.9093341487,59268.4057176,17.8222313,0.0317000635,0,zi,206.0255368,39.4715617,1.65100002,0.156000003,20210223405671,718,0x8,0x4,21.0699997,25.7722301,0.0269999113,0.18010436,2.43226332e-05,30,1.08299994,2
2055,718308400016267,151734954,2459271.8532658205,59271.3495486,17.8213673,0.0316834264,0,zi,206.0255818,39.4715679,0.584999979,0.0209999997,20210226349549,718,0x8,0x4,19.9899998,25.7373676,0.025846269,0.190264836,2.09526133e-05,30,1.23000002,2
2056,718308400016267,152032574,2459274.8295502546,59274.3257407,17.7662048,0.0306471866,0,zi,206.0255448,39.4715632,0.81099999,0.0340000018,20210301325741,718,0x8,0x4,19.6800003,25.7402058,0.0315647312,0.187559411,3.14855133e-05,30,1.30299997,2
2057,718308400016267,152438604,2459278.8899615435,59278.3860417,17.7812214,0.0309240613,0,zi,206.0255223,39.4715604,0.939999998,0.103,20210305386042,718,0x8,0x4,20.7299995,25.766222,0.0233650524,0.184189618,1.82183248e-05,30,1.06799996,2
2058,718308400016267,153644480,2459290.9489386487,59290.4448032,17.8999596,0.0332535803,0,zi,206.0255124,39.4715745,1.60399997,0.170000002,20210317444803,718,0x8,0x4,21.0599995,25.7629604,0.0247495379,0.185102358,2.06799159e-05,30,1.01600003,2
2059,718308400016267,154136152,2459295.865701668,59295.3615278,17.7876968,0.031044649,0,zi,206.0255331,39.4715667,1.43400002,0.120999999,20210322361516,718,0x8,0x4,20.8500004,25.7076969,0.0214899518,0.184495956,1.54069057e-05,30,1.03499997,2
2060,718308400016267,154829981,2459302.80399378,59302.2998148,17.8382378,0.0320110172,0,zi,206.0255186,39.471548,1.06799996,0.25,20210329299815,718,0x8,0x4,20.5499992,25.7572384,0.027236538,0.185259655,2.42455426e-05,30,1.11399996,2
2061,718308400016267,155138559,2459305.88975324,59305.3855903,17.8374214,0.0319950394,0,zi,206.0255491,39.4715599,1.76400006,0.238999993,20210401385590,718,0x8,0x4,20.8600006,25.7384224,0.0196312983,0.189937577,1.24559538e-05,30,1.00899994,2
2062,718308400016267,155432559,2459308.8297275,59308.3255903,17.7817917,0.030934643,0,zi,206.0255107,39.4715476,2.08599997,0.206,20210404325590,718,0x8,0x4,21.2099991,25.7497921,0.0191865154,0.184702873,1.23106993e-05,30,1.03499997,2
2063,718308400016267,156042371,2459314.927766864,59314.4237153,17.7934437,0.03115228,0,zi,206.0255062,39.4715395,2.33400011,0.211999997,20210410423704,718,0x8,0x4,21.2399998,25.7514439,0.0186709501,0.190304011,1.15146504e-05,30,1.07099998,2
2064,718308400016267,156330236,2459317.806357367,59317.3023611,17.8950691,0.0331525393,0,zi,206.0255059,39.4715559,1.51900005,0.170000002,20210413302361,718,0x8,0x4,21.0400009,25.7410698,0.0230049696,0.194622234,1.78467253e-05,30,1.03299999,2
2065,718308400016267,156733083,2459321.834736533,59321.3308333,17.7968063,0.0312154964,0,zi,206.0255057,39.4715564,1.50800002,0.175999999,20210417330822,718,0x8,0x4,21.1499996,25.7118053,0.020839233,0.18825914,1.42387335e-05,30,1.00800002,2
2066,718308400016267,157030916,2459324.812989726,59324.3091667,17.8992462,0.0332387984,0,zi,206.0255202,39.4715527,1.602,0.207000002,20210420309039,718,0x8,0x4,21.0599995,25.7702465,0.0222653244,0.190904871,1.65880119e-05,30,1.01199996,2
2067,718308400016267,157438135,2459328.885052364,59328.3813542,17.8410759,0.032066606,0,zi,206.0255361,39.4715501,1.17200005,0.115000002,20210424381354,718,0x8,0x4,20.4099998,25.7140751,0.0225420557,0.186395258,1.73074295e-05,30,1.06400001,2
2068,718308400016267,158030590,2459334.8093894003,59334.3059028,17.8065205,0.0313992985,0,zi,206.0255181,39.4715642,1.74300003,0.184,20210430305903,718,0x8,0x4,20.9599991,25.7335205,0.0172679406,0.183881491,9.61803107e-06,30,1.00800002,2
2069,718308400016267,158819843,2459342.7015904333,59342.1984375,17.8691826,0.0326252207,0,zi,206.0255059,39.4715621,2.27099991,0.217999995,20210508198438,718,0x8,0x4,20.9599991,25.7091827,0.0237764288,0.184756845,1.87450441e-05,30,1.09500003,2
2070,718308400016267,159926339,2459353.765987702,59353.2633912,17.8362255,0.0319716744,0,zi,206.0255258,39.4715598,0.316000015,0.0299999993,20210519263356,718,0x8,0x4,20.7299995,25.6972256,0.0204108153,0.194364965,1.37480356e-05,30,1.01100004,2
2071,718308400016267,160232582,2459356.8282484454,59356.3258218,17.8761292,0.0327655002,0,zi,206.0255149,39.4715571,1.38399994,0.122000001,20210522325822,718,0x8,0x4,20.3999996,25.7061291,0.0233737752,0.193301722,1.7101258e-05,30,1.10899997,2
2072,718308400016267,160534194,2459359.8441979447,59359.3419444,17.8487797,0.0322182998,0,zi,206.0255473,39.4715645,1.53999996,0.150999993,20210525341944,718,0x8,0x4,20.4200001,25.6917801,0.0245492142,0.176768482,2.06311324e-05,30,1.18200004,2
2073,718308400016267,160834199,2459362.8440667824,59362.3419907,17.8216438,0.0316887572,0,zi,206.0255553,39.4715402,1.49399996,0.180000007,20210528341991,718,0x8,0x4,20.7999992,25.7226448,0.0231759548,0.191946387,1.83371631e-05,30,1.21300006,2
2074,718308400016267,161136987,2459365.871764713,59365.3698727,17.8418293,0.0320813917,0,zi,206.025523,39.4715443,0.907999992,0.109999999,20210531369873,718,0x8,0x4,20.6599998,25.6508293,0.0209162105,0.185414433,1.40212796e-05,30,1.39699996,2
2075,718308400016267,161534067,2459369.842315207,59369.3406713,17.894659,0.0331440866,0,zi,206.0255361,39.4715655,1.69500005,0.202000007,20210604340671,718,0x8,0x4,21.1499996,25.717659,0.033070866,0.188087225,3.52235766e-05,30,1.29299998,2
2076,718308400016267,162119974,2459375.7010114207,59375.1997454,17.8481979,0.0322068073,0,zi,206.025508,39.471536,1.37399995,0.165000007,20210610199722,718,0x8,0x4,21.0699997,25.7561989,0.01849024,0.187598035,1.13141305e-05,30,1.00999999,2
2077,718308400016267,162428648,2459378.7875438314,59378.2864815,17.8520107,0.0322822295,0,zi,206.0255291,39.4715512,1.89699996,0.272000015,20210613286481,718,0x8,0x4,21.1900005,25.7760105,0.0213727932,0.188027903,1.51747536e-05,30,1.16999996,2
2078,718308400016267,162734626,2459381.847119665,59381.3462616,17.8252602,0.0317585543,0,zi,206.0255319,39.4715474,1.86399996,0.201000005,20210616346262,718,0x8,0x4,20.6000004,25.2832603,0.0229357909,0.197526649,1.70239528e-05,30,1.54499996,2
2079,718308400016267,163734575,2459391.8459336245,59391.3457523,17.8743534,0.0327295698,0,zi,206.025532,39.4715244,1.375,0.152999997,20210626345752,718,0x8,0x4,20.1000004,25.6603527,0.0234780442,0.187560365,1.77746988e-05,30,1.82299995,2
2080,718308400016267,164026737,2459394.7673554933,59394.2673727,17.8742886,0.0327282436,0,zi,206.025534,39.4715277,1.47500002,0.180999994,20210629267280,718,0x8,0x4,20.7600002,25.5502892,0.0232671723,0.191262111,1.752961e-05,30,1.26800001,2
2081,718308400016267,164623613,2459400.73571316,59400.2361343,17.9291611,0.0338662416,0,zi,206.0255589,39.471537,2.05500007,0.243000001,20210705236134,718,0x8,0x4,20.8999996,25.6851616,0.0309209004,0.189041704,3.34958022e-05,30,1.20500004,2
2082,718308400016267,165526412,2459409.7631006767,59409.2641204,17.853159,0.032304991,0,zi,206.0255468,39.4715438,1.99300003,0.207000002,20210714264109,718,0x8,0x4,20.8799992,25.4891586,0.0224020649,0.189000979,1.66322297e-05,30,1.49899995,2
2083,718308400016267,166428144,2459418.7798568974,59418.2814468,17.7548141,0.0304397307,32768,zi,206.0256244,39.4714801,0.577000022,-0.0309999995,20210723281447,718,0x8,0x4,18.2700005,24.3158131,0.0633278564,0.199564412,0.000226797798,30,1.95099998,2
2084,718308400016267,168618387,2459440.681094431,59440.1838773,17.9263077,0.0338056497,0,zi,206.0255347,39.4715629,0.893999994,0.0879999995,20210814183877,718,0x8,0x4,20.5499992,25.4903088,0.0223077405,0.184659645,1.59261162e-05,30,1.53400004,2
2085,718308400016267,169018628,2459444.683323001,59444.1862847,17.928093,0.0338435471,0,zi,206.0255528,39.4715208,1.36099994,0.199000001,20210818186123,718,0x8,0x4,19.9599991,25.3310928,0.0315367803,0.194531739,3.2886699e-05,30,1.65499997,2
2086,718308400016267,171116549,2459465.6618493195,59465.1654977,17.943552,0.0341741852,0,zi,206.0254847,39.471539,0.638000011,0.0759999976,20210908165486,718,0x8,0x4,20.2199993,25.4585514,0.0358851478,0.195526645,4.16262483e-05,30,2.15300012,2
2087,718308400016267,177752530,2459532.0227252184,59531.5253009,17.911293,0.0334894285,0,zi,206.0255377,39.4715529,2.09800005,0.228,20211113525301,718,0x8,0x4,20.8199997,25.7222939,0.0225139074,0.184914261,1.68250444e-05,30,2.37899995,2
2088,718308400016267,186842960,2459622.932757036,59622.4296065,17.9108295,0.0334797353,0,zi,206.0255344,39.4715742,1.06700003,-0.023,20220212429595,718,0x8,0x4,20.1399994,25.7508297,0.0280078575,0.183972612,2.59639473e-05,30,1.09800005,2
2089,718308400016267,187132678,2459625.830064732,59625.3267824,17.9494324,0.0343011469,0,zi,206.0255051,39.4715604,1.07099998,0.0359999985,20220215326736,718,0x8,0x4,20.0400009,25.7344322,0.0254444145,0.182642907,2.16578137e-05,30,1.55999994,2
2090,718308400016267,187433783,2459628.841246529,59628.3378356,17.9383736,0.0340629183,0,zi,206.0255233,39.4715503,1.65999997,0.223000005,20220218337824,718,0x8,0x4,20.4899998,25.7523746,0.0231318194,0.177577361,1.84335167e-05,30,1.41299999,2
2091,718308400016267,188536215,2459639.8659558976,59639.3621528,17.8678589,0.0325985998,0,zi,206.0254066,39.4715697,0.328999996,-0.0,20220301362141,718,0x8,0x4,19.75,25.7398586,0.0331212245,0.187678695,3.78482728e-05,30,1.15699995,2
2092,718308400016267,192328855,2459677.792643175,59677.2885532,17.8968468,0.0331892036,0,zi,206.0255536,39.4715427,0.887000024,0.0179999992,20220408288542,718,0x8,0x4,20.6100006,25.6928463,0.0202844199,0.188768327,1.30822027e-05,30,1.07799995,2
2093,718308400016267,192826857,2459682.7725782087,59682.2685764,17.9608269,0.0345491543,0,zi,206.0255494,39.4715653,1.07799995,0.104000002,20220413268576,718,0x8,0x4,20.2700005,25.734827,0.0248970799,0.185587868,2.00600316e-05,30,1.09200001,2
2094,718308400016267,193638377,2459690.887572285,59690.3837731,17.9548836,0.034419477,0,zi,206.0255458,39.4715564,1.00399995,0.115000002,20220421383762,718,0x8,0x4,20.6800003,25.6928844,0.0192596074,0.186548337,1.23782747e-05,30,1.05299997,2
2095,718308400016267,193937112,2459693.8748295577,59693.3711227,17.9430428,0.0341631956,0,zi,206.0254952,39.471522,1.68900001,0.173999995,20220424371123,718,0x8,0x4,20.6499996,25.6980438,0.0201350581,0.193136588,1.31342895e-05,30,1.046,2
2096,1716114400001265,48234390,2458236.847469464,58236.3439005,18.5726814,0.043912936,0,zg,206.025458,39.4715959,1.16999996,-0.0280000009,20180428343877,1716,0xe,0x4,20.0200005,26.2813072,0.0403172038,-0.0387106016,8.65474503e-05,30,1.03699994,2
2097,1716114400001265,48234436,2458236.847932345,58236.3443634,18.6652374,0.0469890945,0,zg,206.0255488,39.4716324,0.356999993,0.00400000019,20180428344352,1716,0xe,0x4,19.8899994,26.2714024,0.0377758667,-0.0322252735,8.17078544e-05,30,1.03699994,2
2098,1716114400001265,49228877,2458246.791932508,58246.2887731,18.6573963,0.0467196889,0,zg,206.0255223,39.4716146,1.09500003,0.145999998,20180508288380,1716,0xe,0x4,21.5799999,26.2827988,0.0275065806,-0.033883933,2.10681701e-05,30,1.00899994,2
2099,1716114400001265,49228922,2458246.7923838883,58246.2892245,18.5630112,0.0436044633,0,zg,206.0255051,39.4716009,1.005,0.0590000004,20180508289225,1716,0xe,0x4,21.6200008,26.2838421,0.0296668094,-0.0355368927,2.4701947e-05,30,1.00899994,2
2100,1716114400001265,72853620,2458483.036635091,58482.5362037,18.4723492,0.0408273675,0,zg,206.0254768,39.4715765,1.07700002,0.0689999983,20181230536192,1716,0xe,0x4,21.1599998,26.2944298,0.0322563685,-0.0498911329,3.01014788e-05,30,1.10000002,2
2101,1716114400001265,75349254,2458507.994648189,58507.4925463,18.4891548,0.0413266718,0,zg,206.0255798,39.4715952,0.693000019,0.141000003,20190124492535,1716,0xe,0x4,19.7199993,26.3153992,0.0375278108,-0.0378138088,8.67359995e-05,30,1.04799998,2
2102,1716114400001265,76844947,2458522.9524249,58522.4494792,18.4720974,0.0408199504,0,zg,206.0254794,39.4716522,1.48699999,-0.0289999992,20190208449479,1716,0xe,0x4,21.0799999,26.2772121,0.0337717123,-0.0267878976,3.28129609e-05,30,1.05200005,2
2103,1716114400001265,78441484,2458538.9184845896,58538.4148495,18.4862785,0.0412407517,32768,zg,206.025453,39.47159,0.66900003,0.107000001,20190224414826,1716,0xe,0x4,19.5499992,25.5281506,0.047290992,0.0156557541,0.000180083414,30,1.03799999,1
2104,1716114400001265,78638693,2458540.8906354527,58540.3869329,18.5391426,0.0428532884,0,zg,206.0254771,39.4715908,1.71700001,0.178000003,20190226386887,1716,0xe,0x4,21.7399998,26.2775917,0.0311607737,-0.067187354,2.73822388e-05,30,1.07799995,1
2105,1716114400001265,81340490,2458567.9090898163,58567.4049074,18.3972969,0.0386805497,0,zg,206.0255482,39.4716439,0.91900003,-0.0659999996,20190325404907,1716,0xe,0x4,20.1100006,26.2240219,0.0418744832,-0.0138720889,7.998621e-05,30,1.00600004,1
2106,1716114400001265,88617915,2458640.6807126254,58640.1791551,18.4938297,0.0414668247,0,zg,206.0255311,39.4715684,1.46200001,0.162,20190606179155,1716,0xe,0x4,21.5799999,26.1670055,0.0294592641,-0.0433682315,2.39093206e-05,30,1.00300002,2
2107,1716114400001265,88617960,2458640.6811639965,58640.1796065,18.4784889,0.0410089791,0,zg,206.0255233,39.4715674,0.917999983,0.0560000017,20190606179606,1716,0xe,0x4,21.6200008,26.1765537,0.0307168718,-0.047009483,2.61807054e-05,30,1.00300002,3
2108,1716114400001265,151936876,2459273.87254254,59273.3687616,18.4901352,0.041356042,0,zg,206.0255224,39.4715607,0.421000004,0.0280000009,20210228368762,1716,0xe,0x4,19.3600006,26.2833004,0.0408019833,0.0012852709,0.000172787753,30,1.10500002,2
2109,1716114400001265,151936923,2459273.8730170536,59273.3692361,18.2583008,0.0350473858,0,zg,206.0254889,39.4716357,0.597000003,0.0500000007,20210228369236,1716,0xe,0x4,19.3799992,26.2891483,0.0430131517,-0.011658228,0.00016089085,30,1.10399997,3
2110,1716214400024697,53018292,2458284.6838797755,58284.1829282,18.1738071,0.0341871902,0,zr,206.0254989,39.4715793,1.81700003,0.175999999,20180615182905,1716,0xe,0x4,21.1700001,26.1573086,0.0263496321,0.110213555,1.95282246e-05,30,1.00699997,2
2111,1716214400024697,53018337,2458284.6843311465,58284.1833796,18.1595993,0.033842843,0,zr,206.0255266,39.471588,2.12100005,0.263000011,20180615183380,1716,0xe,0x4,21.2099991,26.1430511,0.0266543813,0.111673333,1.98094003e-05,30,1.00800002,2
2112,1716214400024697,69552008,2458450.01828174,58449.520081,18.06604,0.0316784792,0,zr,206.0255446,39.4715615,1.38600004,0.0329999998,20181127520081,1716,0xe,0x4,20.0200005,26.1623497,0.039435856,0.104437172,4.36157206e-05,30,1.74000001,2
2113,1716214400024697,72247827,2458476.978281209,58476.4782755,18.0918922,0.0322589613,0,zr,206.0255177,39.4715646,1.03299999,0.109999999,20181224478275,1716,0xe,0x4,20.7199993,26.2122288,0.0297733583,0.104527272,2.46480467e-05,30,1.44000006,2
2114,1716214400024697,72749646,2458481.996828263,58481.4964699,18.0597,0.0315381363,0,zr,206.0255476,39.4715556,0.316000015,0.0170000009,20181229496470,1716,0xe,0x4,20.9200001,26.1973362,0.0277207177,0.112415925,2.1357806e-05,30,1.25100005,2
2115,1716214400024697,73949831,2458493.9995014006,58493.4983102,18.0924149,0.0322708525,0,zr,206.0254955,39.4715662,1.86300004,0.147,20190110498264,1716,0xe,0x4,21.8099995,26.2270184,0.0305483043,0.106620163,2.60566721e-05,30,1.12,2
2116,1716214400024697,74949817,2458504.0000228817,58503.4981713,18.2238007,0.0354327299,32768,zr,206.0254918,39.4715696,0.936999977,0.216999993,20190120498171,1716,0xe,0x4,19.3600006,25.5752811,0.0523604378,0.0762826577,0.00011186309,30,1.05700004,2
2117,1716214400024697,75547880,2458509.981030825,58509.4788079,18.0254707,0.0307937562,0,zr,206.0255055,39.4715927,0.467999995,0.00999999978,20190126478796,1716,0xe,0x4,20.4899998,26.1996651,0.0310001187,0.100562073,2.6768912e-05,30,1.06299996,2
2118,1716214400024697,75947549,2458513.977956507,58513.4754977,18.1926441,0.0346502289,32768,zr,206.0255411,39.4715825,0.726000011,-0.0520000011,20190130475498,1716,0xe,0x4,18.8999996,23.2673512,0.516945004,0.4092758,0.0163003467,30,1.04900002,2
2119,1716214400024697,78039344,2458534.89693401,58534.3934491,18.0508308,0.0313430987,0,zr,206.0254952,39.4717319,0.843999982,0.0309999995,20190220393391,1716,0xe,0x4,19.4599991,26.1811676,0.0453750119,0.130874425,7.05495549e-05,30,1.10099995,1
2120,1716214400024697,78629187,2458540.7955743247,58540.291875,18.1550465,0.0337334052,32768,zr,206.0255516,39.4715783,1.04999995,0.162,20190226291863,1716,0xe,0x4,20.4500008,25.5435066,0.0391883738,0.107291698,4.25143662e-05,30,1.52499998,1
2121,1716214400024697,80424103,2458558.7451454247,58558.2410301,18.0919285,0.0322597995,0,zr,206.0256074,39.471588,1.05700004,-0.0140000004,20190316240961,1716,0xe,0x4,20.2099991,26.1393528,0.0361361019,0.10526,3.66433269e-05,30,1.53900003,1
2122,1716214400024697,82633145,2458580.8355653407,58580.3314583,18.0712929,0.0317953527,0,zr,206.0255259,39.471565,0.574999988,0.0120000001,20190407331435,1716,0xe,0x4,21.1700001,26.1999435,0.0256773885,0.102819808,1.83126776e-05,30,1.00699997,1
2123,1716214400024697,82824869,2458582.752771143,58582.2486921,18.0458412,0.0312340297,0,zr,206.0254992,39.4715351,2.11599994,0.206,20190409248681,1716,0xe,0x4,21.6299992,26.1830578,0.0282208826,0.102994613,2.19519025e-05,30,1.13999999,1
2124,1716214400024697,83523438,2458589.738328242,58589.2343866,18.0914764,0.0322495401,0,zr,206.0254864,39.47159,0.741999984,0.0579999983,20190416234363,1716,0xe,0x4,19.9699993,25.8620739,0.0443347245,0.101548746,5.51622943e-05,30,1.12600005,1
2125,1716214400024697,83930252,2458593.8063599095,58593.3025231,18.1006489,0.0324585922,0,zr,206.025542,39.471579,0.593999982,0.0900000036,20190420302523,1716,0xe,0x4,20.3199997,26.1990051,0.0320239142,0.104190268,2.8219838e-05,30,1.00399995,1
2126,1716214400024697,84826736,2458602.770905517,58602.2673611,18.1360207,0.0332806669,32768,zr,206.025506,39.4715896,0.426999986,0.0340000018,20190429267303,1716,0xe,0x4,20.8099995,25.6256485,0.0467409007,0.107643366,6.08415467e-05,30,1.00999999,1
2127,1716214400024697,85225004,2458606.7534350883,58606.2500463,18.1055565,0.0325711556,0,zr,206.0255075,39.4715545,1.04700005,0.108000003,20190503250023,1716,0xe,0x4,21.4500008,26.1588745,0.0221155342,0.101580523,1.3621152e-05,30,1.01400006,1
2128,1716214400024697,85426386,2458608.7671701014,58608.2638657,18.1066933,0.0325972736,0,zr,206.0255453,39.4715606,1.22399998,0.0560000017,20190505263866,1716,0xe,0x4,21.25,26.1189117,0.0226296652,0.106707238,1.4087921e-05,30,1.00300002,1
2129,1716214400024697,86422276,2458618.7256014966,58618.2227662,18.0834141,0.0320671387,0,zr,206.0255406,39.4715677,1.63499999,0.196999997,20190515222755,1716,0xe,0x4,20.9799995,26.1777382,0.0280951578,0.0999829024,2.18526548e-05,30,1.00999999,1
2130,1716214400024697,151830363,2459272.807382133,59272.3036343,17.9967823,0.0301870387,0,zr,206.0256544,39.4715586,0.81099999,-0.0340000018,20210227303623,1716,0xe,0x4,19.5200005,26.2346516,0.0414936207,0.109937213,5.21081602e-05,30,1.403,2
2131,1716214400024697,151830409,2459272.807845051,59272.3040972,18.0348091,0.0309946146,0,zr,206.0255974,39.4715614,0.833000004,0.0949999988,20210227304097,1716,0xe,0x4,19.6200008,26.249733,0.0377892144,0.0922571346,4.34339308e-05,30,1.39900005,3
2132,1716314400027514,113841273,2458892.915905324,58892.4127315,17.8576298,0.0336767323,0,zi,206.0255522,39.4715593,1.57500005,0.211999997,20200213412708,1716,0xe,0x4,20.6599998,25.5906296,0.0244299658,0.175511062,1.98779017e-05,30,1.10300004,2
2133,1716314400027514,120035241,2458954.856364134,58954.352419,17.8851833,0.0342467166,0,zi,206.0254958,39.4715511,0.777999997,0.0579999983,20200415352396,1716,0xe,0x4,21.0,25.5581837,0.0250598174,0.193305701,2.11001079e-05,30,1.00999999,2
2134,1716314400027514,120135002,2458955.853944365,58955.3500231,17.8076191,0.032676097,0,zi,206.0255241,39.4715713,0.972000003,0.0890000015,20200416350012,1716,0xe,0x4,20.6299992,25.5686188,0.0227907207,0.185321301,1.74760862e-05,30,1.00999999,2
2135,1716314400027514,151741644,2459271.920166232,59271.4164468,17.8157501,0.0328358598,0,zi,206.0256,39.4715825,0.704999983,0.0480000004,20210226416435,1716,0xe,0x4,19.9599991,25.619751,0.0272258967,0.184608877,2.46589389e-05,30,1.02699995,2
2136,1716314400027514,151836730,2459272.8710530945,59272.3673032,17.8514557,0.0335508585,0,zi,206.0255291,39.4715788,1.19000006,0.134000003,20210227367303,1716,0xe,0x4,19.9400005,25.5894547,0.0275615584,0.181315005,2.65817853e-05,30,1.11600006,2
